Vx	V(q)	V(q_bar)
0.000000000000000e+00	1.771887e-08	1.800000e+00
1.000000000000000e-03	4.854364e-04	1.800000e+00
2.000000000000000e-03	9.712200e-04	1.800000e+00
3.000000000000000e-03	1.457095e-03	1.800000e+00
4.000000000000000e-03	1.943153e-03	1.800000e+00
5.000000000000000e-03	2.429394e-03	1.800000e+00
6.000000000000000e-03	2.915819e-03	1.800000e+00
7.000000000000000e-03	3.402426e-03	1.800000e+00
8.000000000000000e-03	3.889218e-03	1.800000e+00
9.000000000000001e-03	4.376193e-03	1.800000e+00
1.000000000000000e-02	4.863352e-03	1.800000e+00
1.100000000000000e-02	5.350695e-03	1.800000e+00
1.200000000000000e-02	5.838222e-03	1.800000e+00
1.300000000000000e-02	6.325934e-03	1.800000e+00
1.400000000000000e-02	6.813830e-03	1.800000e+00
1.500000000000000e-02	7.301911e-03	1.800000e+00
1.600000000000000e-02	7.790177e-03	1.800000e+00
1.700000000000000e-02	8.278628e-03	1.800000e+00
1.800000000000000e-02	8.767264e-03	1.800000e+00
1.900000000000000e-02	9.256085e-03	1.800000e+00
2.000000000000000e-02	9.745092e-03	1.800000e+00
2.100000000000000e-02	1.023428e-02	1.800000e+00
2.200000000000000e-02	1.072366e-02	1.800000e+00
2.300000000000000e-02	1.121323e-02	1.800000e+00
2.400000000000000e-02	1.170298e-02	1.800000e+00
2.500000000000000e-02	1.219292e-02	1.800000e+00
2.600000000000000e-02	1.268304e-02	1.800000e+00
2.700000000000000e-02	1.317335e-02	1.800000e+00
2.800000000000000e-02	1.366385e-02	1.800000e+00
2.900000000000000e-02	1.415453e-02	1.800000e+00
3.000000000000000e-02	1.464540e-02	1.800000e+00
3.100000000000000e-02	1.513646e-02	1.800000e+00
3.200000000000000e-02	1.562771e-02	1.800000e+00
3.300000000000000e-02	1.611914e-02	1.799999e+00
3.400000000000000e-02	1.661076e-02	1.799999e+00
3.500000000000000e-02	1.710257e-02	1.799999e+00
3.600000000000000e-02	1.759457e-02	1.799999e+00
3.700000000000000e-02	1.808676e-02	1.799999e+00
3.800000000000000e-02	1.857913e-02	1.799999e+00
3.900000000000000e-02	1.907169e-02	1.799999e+00
4.000000000000000e-02	1.956445e-02	1.799999e+00
4.100000000000000e-02	2.005739e-02	1.799999e+00
4.200000000000000e-02	2.055052e-02	1.799999e+00
4.300000000000000e-02	2.104384e-02	1.799999e+00
4.400000000000000e-02	2.153735e-02	1.799999e+00
4.500000000000000e-02	2.203105e-02	1.799999e+00
4.600000000000000e-02	2.252493e-02	1.799999e+00
4.700000000000000e-02	2.301901e-02	1.799999e+00
4.800000000000000e-02	2.351328e-02	1.799999e+00
4.900000000000000e-02	2.400774e-02	1.799999e+00
5.000000000000000e-02	2.450239e-02	1.799999e+00
5.100000000000000e-02	2.499723e-02	1.799999e+00
5.200000000000000e-02	2.549226e-02	1.799999e+00
5.300000000000000e-02	2.598748e-02	1.799999e+00
5.400000000000000e-02	2.648289e-02	1.799999e+00
5.500000000000000e-02	2.697849e-02	1.799999e+00
5.600000000000000e-02	2.747429e-02	1.799999e+00
5.700000000000000e-02	2.797028e-02	1.799999e+00
5.800000000000000e-02	2.846646e-02	1.799999e+00
5.900000000000000e-02	2.896282e-02	1.799999e+00
6.000000000000000e-02	2.945939e-02	1.799999e+00
6.100000000000000e-02	2.995614e-02	1.799999e+00
6.200000000000000e-02	3.045309e-02	1.799999e+00
6.300000000000000e-02	3.095023e-02	1.799999e+00
6.400000000000000e-02	3.144756e-02	1.799999e+00
6.500000000000000e-02	3.194508e-02	1.799999e+00
6.600000000000000e-02	3.244280e-02	1.799999e+00
6.700000000000000e-02	3.294071e-02	1.799999e+00
6.800000000000000e-02	3.343882e-02	1.799999e+00
6.900000000000001e-02	3.393712e-02	1.799999e+00
7.000000000000001e-02	3.443560e-02	1.799999e+00
7.100000000000001e-02	3.493429e-02	1.799999e+00
7.200000000000001e-02	3.543317e-02	1.799999e+00
7.300000000000000e-02	3.593224e-02	1.799999e+00
7.400000000000000e-02	3.643151e-02	1.799999e+00
7.500000000000000e-02	3.693097e-02	1.799999e+00
7.600000000000000e-02	3.743063e-02	1.799999e+00
7.700000000000000e-02	3.793048e-02	1.799999e+00
7.800000000000000e-02	3.843052e-02	1.799999e+00
7.900000000000000e-02	3.893077e-02	1.799999e+00
8.000000000000000e-02	3.943120e-02	1.799999e+00
8.100000000000000e-02	3.993183e-02	1.799999e+00
8.200000000000000e-02	4.043266e-02	1.799999e+00
8.300000000000000e-02	4.093368e-02	1.799999e+00
8.400000000000001e-02	4.143490e-02	1.799999e+00
8.500000000000001e-02	4.193632e-02	1.799999e+00
8.600000000000001e-02	4.243793e-02	1.799999e+00
8.700000000000001e-02	4.293974e-02	1.799999e+00
8.799999999999999e-02	4.344174e-02	1.799999e+00
8.900000000000000e-02	4.394394e-02	1.799999e+00
9.000000000000000e-02	4.444634e-02	1.799999e+00
9.100000000000000e-02	4.494894e-02	1.799999e+00
9.200000000000000e-02	4.545173e-02	1.799999e+00
9.300000000000000e-02	4.595472e-02	1.799999e+00
9.400000000000000e-02	4.645790e-02	1.799999e+00
9.500000000000000e-02	4.696129e-02	1.799999e+00
9.600000000000000e-02	4.746487e-02	1.799999e+00
9.700000000000000e-02	4.796865e-02	1.799999e+00
9.800000000000000e-02	4.847263e-02	1.799999e+00
9.900000000000000e-02	4.897681e-02	1.799999e+00
1.000000000000000e-01	4.948118e-02	1.799999e+00
1.010000000000000e-01	4.998576e-02	1.799999e+00
1.020000000000000e-01	5.049052e-02	1.799999e+00
1.030000000000000e-01	5.099550e-02	1.799999e+00
1.040000000000000e-01	5.150067e-02	1.799999e+00
1.050000000000000e-01	5.200604e-02	1.799999e+00
1.060000000000000e-01	5.251161e-02	1.799999e+00
1.070000000000000e-01	5.301738e-02	1.799999e+00
1.080000000000000e-01	5.352335e-02	1.799999e+00
1.090000000000000e-01	5.402951e-02	1.799999e+00
1.100000000000000e-01	5.453588e-02	1.799999e+00
1.110000000000000e-01	5.504245e-02	1.799999e+00
1.120000000000000e-01	5.554922e-02	1.799999e+00
1.130000000000000e-01	5.605619e-02	1.799999e+00
1.140000000000000e-01	5.656336e-02	1.799999e+00
1.150000000000000e-01	5.707074e-02	1.799999e+00
1.160000000000000e-01	5.757831e-02	1.799999e+00
1.170000000000000e-01	5.808608e-02	1.799999e+00
1.180000000000000e-01	5.859406e-02	1.799999e+00
1.190000000000000e-01	5.910223e-02	1.799999e+00
1.200000000000000e-01	5.961061e-02	1.799999e+00
1.210000000000000e-01	6.011919e-02	1.799999e+00
1.220000000000000e-01	6.062797e-02	1.799999e+00
1.230000000000000e-01	6.113696e-02	1.799999e+00
1.240000000000000e-01	6.164615e-02	1.799998e+00
1.250000000000000e-01	6.215554e-02	1.799998e+00
1.260000000000000e-01	6.266513e-02	1.799998e+00
1.270000000000000e-01	6.317493e-02	1.799998e+00
1.280000000000000e-01	6.368493e-02	1.799998e+00
1.290000000000000e-01	6.419513e-02	1.799998e+00
1.300000000000000e-01	6.470554e-02	1.799998e+00
1.310000000000000e-01	6.521614e-02	1.799998e+00
1.320000000000000e-01	6.572695e-02	1.799998e+00
1.330000000000000e-01	6.623797e-02	1.799998e+00
1.340000000000000e-01	6.674919e-02	1.799998e+00
1.350000000000000e-01	6.726062e-02	1.799998e+00
1.360000000000000e-01	6.777225e-02	1.799998e+00
1.370000000000000e-01	6.828408e-02	1.799998e+00
1.380000000000000e-01	6.879611e-02	1.799998e+00
1.390000000000000e-01	6.930836e-02	1.799998e+00
1.400000000000000e-01	6.982081e-02	1.799998e+00
1.410000000000000e-01	7.033346e-02	1.799998e+00
1.420000000000000e-01	7.084632e-02	1.799998e+00
1.430000000000000e-01	7.135939e-02	1.799998e+00
1.440000000000000e-01	7.187266e-02	1.799998e+00
1.450000000000000e-01	7.238613e-02	1.799998e+00
1.460000000000000e-01	7.289981e-02	1.799998e+00
1.470000000000000e-01	7.341370e-02	1.799998e+00
1.480000000000000e-01	7.392780e-02	1.799998e+00
1.490000000000000e-01	7.444210e-02	1.799998e+00
1.500000000000000e-01	7.495661e-02	1.799998e+00
1.510000000000000e-01	7.547132e-02	1.799998e+00
1.520000000000000e-01	7.598624e-02	1.799998e+00
1.530000000000000e-01	7.650138e-02	1.799998e+00
1.540000000000000e-01	7.701671e-02	1.799998e+00
1.550000000000000e-01	7.753225e-02	1.799998e+00
1.560000000000000e-01	7.804801e-02	1.799998e+00
1.570000000000000e-01	7.856397e-02	1.799998e+00
1.580000000000000e-01	7.908013e-02	1.799998e+00
1.590000000000000e-01	7.959651e-02	1.799997e+00
1.600000000000000e-01	8.011310e-02	1.799997e+00
1.610000000000000e-01	8.062989e-02	1.799997e+00
1.620000000000000e-01	8.114690e-02	1.799997e+00
1.630000000000000e-01	8.166411e-02	1.799997e+00
1.640000000000000e-01	8.218153e-02	1.799997e+00
1.650000000000000e-01	8.269916e-02	1.799997e+00
1.660000000000000e-01	8.321700e-02	1.799997e+00
1.670000000000000e-01	8.373505e-02	1.799997e+00
1.680000000000000e-01	8.425330e-02	1.799997e+00
1.690000000000000e-01	8.477177e-02	1.799997e+00
1.700000000000000e-01	8.529045e-02	1.799997e+00
1.710000000000000e-01	8.580934e-02	1.799997e+00
1.720000000000000e-01	8.632845e-02	1.799997e+00
1.730000000000000e-01	8.684776e-02	1.799997e+00
1.740000000000000e-01	8.736728e-02	1.799997e+00
1.750000000000000e-01	8.788701e-02	1.799997e+00
1.760000000000000e-01	8.840696e-02	1.799997e+00
1.770000000000000e-01	8.892711e-02	1.799997e+00
1.780000000000000e-01	8.944748e-02	1.799997e+00
1.790000000000000e-01	8.996806e-02	1.799997e+00
1.800000000000000e-01	9.048885e-02	1.799997e+00
1.810000000000000e-01	9.100986e-02	1.799997e+00
1.820000000000000e-01	9.153107e-02	1.799996e+00
1.830000000000000e-01	9.205250e-02	1.799996e+00
1.840000000000000e-01	9.257414e-02	1.799996e+00
1.850000000000000e-01	9.309600e-02	1.799996e+00
1.860000000000000e-01	9.361806e-02	1.799996e+00
1.870000000000000e-01	9.414034e-02	1.799996e+00
1.880000000000000e-01	9.466284e-02	1.799996e+00
1.890000000000000e-01	9.518554e-02	1.799996e+00
1.900000000000000e-01	9.570847e-02	1.799996e+00
1.910000000000000e-01	9.623160e-02	1.799996e+00
1.920000000000000e-01	9.675495e-02	1.799996e+00
1.930000000000000e-01	9.727851e-02	1.799996e+00
1.940000000000000e-01	9.780229e-02	1.799996e+00
1.950000000000000e-01	9.832628e-02	1.799996e+00
1.960000000000000e-01	9.885049e-02	1.799996e+00
1.970000000000000e-01	9.937491e-02	1.799996e+00
1.980000000000000e-01	9.989955e-02	1.799996e+00
1.990000000000000e-01	1.004244e-01	1.799996e+00
2.000000000000000e-01	1.009495e-01	1.799996e+00
2.010000000000000e-01	1.014748e-01	1.799995e+00
2.020000000000000e-01	1.020003e-01	1.799995e+00
2.030000000000000e-01	1.025260e-01	1.799995e+00
2.040000000000000e-01	1.030519e-01	1.799995e+00
2.050000000000000e-01	1.035781e-01	1.799995e+00
2.060000000000000e-01	1.041044e-01	1.799995e+00
2.070000000000000e-01	1.046310e-01	1.799995e+00
2.080000000000000e-01	1.051578e-01	1.799995e+00
2.090000000000000e-01	1.056848e-01	1.799995e+00
2.100000000000000e-01	1.062121e-01	1.799995e+00
2.110000000000000e-01	1.067395e-01	1.799995e+00
2.120000000000000e-01	1.072672e-01	1.799995e+00
2.130000000000000e-01	1.077951e-01	1.799995e+00
2.140000000000000e-01	1.083232e-01	1.799995e+00
2.150000000000000e-01	1.088515e-01	1.799994e+00
2.160000000000000e-01	1.093801e-01	1.799994e+00
2.170000000000000e-01	1.099088e-01	1.799994e+00
2.180000000000000e-01	1.104378e-01	1.799994e+00
2.190000000000000e-01	1.109670e-01	1.799994e+00
2.200000000000000e-01	1.114964e-01	1.799994e+00
2.210000000000000e-01	1.120261e-01	1.799994e+00
2.220000000000000e-01	1.125559e-01	1.799994e+00
2.230000000000000e-01	1.130860e-01	1.799994e+00
2.240000000000000e-01	1.136163e-01	1.799994e+00
2.250000000000000e-01	1.141468e-01	1.799994e+00
2.260000000000000e-01	1.146776e-01	1.799994e+00
2.270000000000000e-01	1.152085e-01	1.799993e+00
2.280000000000000e-01	1.157397e-01	1.799993e+00
2.290000000000000e-01	1.162711e-01	1.799993e+00
2.300000000000000e-01	1.168027e-01	1.799993e+00
2.310000000000000e-01	1.173346e-01	1.799993e+00
2.320000000000000e-01	1.178667e-01	1.799993e+00
2.330000000000000e-01	1.183989e-01	1.799993e+00
2.340000000000000e-01	1.189315e-01	1.799993e+00
2.350000000000000e-01	1.194642e-01	1.799993e+00
2.360000000000000e-01	1.199972e-01	1.799993e+00
2.370000000000000e-01	1.205303e-01	1.799992e+00
2.380000000000000e-01	1.210637e-01	1.799992e+00
2.390000000000000e-01	1.215974e-01	1.799992e+00
2.400000000000000e-01	1.221312e-01	1.799992e+00
2.410000000000000e-01	1.226653e-01	1.799992e+00
2.420000000000000e-01	1.231996e-01	1.799992e+00
2.430000000000000e-01	1.237341e-01	1.799992e+00
2.440000000000000e-01	1.242689e-01	1.799992e+00
2.450000000000000e-01	1.248038e-01	1.799991e+00
2.460000000000000e-01	1.253390e-01	1.799991e+00
2.470000000000000e-01	1.258744e-01	1.799991e+00
2.480000000000000e-01	1.264101e-01	1.799991e+00
2.490000000000000e-01	1.269459e-01	1.799991e+00
2.500000000000000e-01	1.274820e-01	1.799991e+00
2.510000000000000e-01	1.280184e-01	1.799991e+00
2.520000000000000e-01	1.285549e-01	1.799991e+00
2.530000000000000e-01	1.290917e-01	1.799990e+00
2.540000000000000e-01	1.296287e-01	1.799990e+00
2.550000000000000e-01	1.301659e-01	1.799990e+00
2.560000000000000e-01	1.307034e-01	1.799990e+00
2.570000000000000e-01	1.312410e-01	1.799990e+00
2.580000000000000e-01	1.317789e-01	1.799990e+00
2.590000000000000e-01	1.323171e-01	1.799990e+00
2.600000000000000e-01	1.328554e-01	1.799989e+00
2.610000000000000e-01	1.333940e-01	1.799989e+00
2.620000000000000e-01	1.339328e-01	1.799989e+00
2.630000000000000e-01	1.344719e-01	1.799989e+00
2.640000000000000e-01	1.350112e-01	1.799989e+00
2.650000000000000e-01	1.355506e-01	1.799989e+00
2.660000000000000e-01	1.360904e-01	1.799988e+00
2.670000000000000e-01	1.366303e-01	1.799988e+00
2.680000000000000e-01	1.371705e-01	1.799988e+00
2.690000000000000e-01	1.377109e-01	1.799988e+00
2.700000000000000e-01	1.382516e-01	1.799988e+00
2.710000000000000e-01	1.387925e-01	1.799988e+00
2.720000000000000e-01	1.393336e-01	1.799987e+00
2.730000000000000e-01	1.398749e-01	1.799987e+00
2.740000000000000e-01	1.404165e-01	1.799987e+00
2.750000000000000e-01	1.409583e-01	1.799987e+00
2.760000000000000e-01	1.415003e-01	1.799987e+00
2.770000000000000e-01	1.420426e-01	1.799986e+00
2.780000000000000e-01	1.425851e-01	1.799986e+00
2.790000000000000e-01	1.431278e-01	1.799986e+00
2.800000000000000e-01	1.436707e-01	1.799986e+00
2.810000000000000e-01	1.442139e-01	1.799986e+00
2.820000000000000e-01	1.447573e-01	1.799985e+00
2.830000000000000e-01	1.453010e-01	1.799985e+00
2.840000000000000e-01	1.458449e-01	1.799985e+00
2.850000000000000e-01	1.463890e-01	1.799985e+00
2.860000000000000e-01	1.469333e-01	1.799985e+00
2.870000000000000e-01	1.474779e-01	1.799984e+00
2.880000000000000e-01	1.480227e-01	1.799984e+00
2.890000000000000e-01	1.485678e-01	1.799984e+00
2.900000000000000e-01	1.491131e-01	1.799984e+00
2.910000000000000e-01	1.496586e-01	1.799983e+00
2.920000000000000e-01	1.502044e-01	1.799983e+00
2.930000000000000e-01	1.507503e-01	1.799983e+00
2.940000000000000e-01	1.512966e-01	1.799983e+00
2.950000000000000e-01	1.518430e-01	1.799982e+00
2.960000000000000e-01	1.523897e-01	1.799982e+00
2.970000000000000e-01	1.529367e-01	1.799982e+00
2.980000000000000e-01	1.534838e-01	1.799981e+00
2.990000000000000e-01	1.540312e-01	1.799981e+00
3.000000000000000e-01	1.545789e-01	1.799981e+00
3.010000000000000e-01	1.551268e-01	1.799981e+00
3.020000000000000e-01	1.556749e-01	1.799980e+00
3.030000000000000e-01	1.562232e-01	1.799980e+00
3.040000000000000e-01	1.567718e-01	1.799980e+00
3.050000000000000e-01	1.573206e-01	1.799980e+00
3.060000000000000e-01	1.578697e-01	1.799979e+00
3.070000000000000e-01	1.584190e-01	1.799979e+00
3.080000000000000e-01	1.589685e-01	1.799979e+00
3.090000000000000e-01	1.595183e-01	1.799978e+00
3.100000000000000e-01	1.600683e-01	1.799978e+00
3.110000000000000e-01	1.606186e-01	1.799978e+00
3.120000000000000e-01	1.611691e-01	1.799977e+00
3.130000000000000e-01	1.617198e-01	1.799977e+00
3.140000000000000e-01	1.622708e-01	1.799977e+00
3.150000000000000e-01	1.628220e-01	1.799976e+00
3.160000000000000e-01	1.633735e-01	1.799976e+00
3.170000000000000e-01	1.639252e-01	1.799976e+00
3.180000000000000e-01	1.644771e-01	1.799975e+00
3.190000000000000e-01	1.650293e-01	1.799975e+00
3.200000000000000e-01	1.655817e-01	1.799974e+00
3.210000000000000e-01	1.661344e-01	1.799974e+00
3.220000000000000e-01	1.666873e-01	1.799974e+00
3.230000000000000e-01	1.672404e-01	1.799973e+00
3.240000000000000e-01	1.677938e-01	1.799973e+00
3.250000000000000e-01	1.683474e-01	1.799972e+00
3.260000000000000e-01	1.689013e-01	1.799972e+00
3.270000000000000e-01	1.694554e-01	1.799972e+00
3.280000000000000e-01	1.700098e-01	1.799971e+00
3.290000000000000e-01	1.705644e-01	1.799971e+00
3.300000000000000e-01	1.711192e-01	1.799970e+00
3.310000000000000e-01	1.716743e-01	1.799970e+00
3.320000000000000e-01	1.722297e-01	1.799969e+00
3.330000000000000e-01	1.727853e-01	1.799969e+00
3.340000000000000e-01	1.733411e-01	1.799968e+00
3.350000000000000e-01	1.738971e-01	1.799968e+00
3.360000000000000e-01	1.744535e-01	1.799968e+00
3.370000000000000e-01	1.750100e-01	1.799967e+00
3.380000000000000e-01	1.755668e-01	1.799967e+00
3.390000000000000e-01	1.761239e-01	1.799966e+00
3.400000000000000e-01	1.766812e-01	1.799966e+00
3.410000000000000e-01	1.772388e-01	1.799965e+00
3.420000000000000e-01	1.777966e-01	1.799964e+00
3.430000000000000e-01	1.783546e-01	1.799964e+00
3.440000000000000e-01	1.789129e-01	1.799963e+00
3.450000000000000e-01	1.794714e-01	1.799963e+00
3.460000000000000e-01	1.800302e-01	1.799962e+00
3.470000000000000e-01	1.805893e-01	1.799962e+00
3.480000000000000e-01	1.811486e-01	1.799961e+00
3.490000000000000e-01	1.817081e-01	1.799960e+00
3.500000000000000e-01	1.822679e-01	1.799960e+00
3.510000000000000e-01	1.828279e-01	1.799959e+00
3.520000000000000e-01	1.833882e-01	1.799959e+00
3.530000000000000e-01	1.839487e-01	1.799958e+00
3.540000000000000e-01	1.845095e-01	1.799958e+00
3.550000000000000e-01	1.850706e-01	1.799957e+00
3.560000000000000e-01	1.856319e-01	1.799956e+00
3.570000000000000e-01	1.861934e-01	1.799955e+00
3.580000000000000e-01	1.867552e-01	1.799955e+00
3.590000000000000e-01	1.873172e-01	1.799954e+00
3.600000000000000e-01	1.878795e-01	1.799953e+00
3.610000000000000e-01	1.884421e-01	1.799953e+00
3.620000000000000e-01	1.890049e-01	1.799952e+00
3.630000000000000e-01	1.895680e-01	1.799951e+00
3.640000000000000e-01	1.901313e-01	1.799951e+00
3.650000000000000e-01	1.906948e-01	1.799950e+00
3.660000000000000e-01	1.912587e-01	1.799949e+00
3.670000000000000e-01	1.918227e-01	1.799948e+00
3.680000000000000e-01	1.923871e-01	1.799948e+00
3.690000000000000e-01	1.929516e-01	1.799947e+00
3.700000000000000e-01	1.935165e-01	1.799946e+00
3.710000000000000e-01	1.940816e-01	1.799945e+00
3.720000000000000e-01	1.946469e-01	1.799944e+00
3.730000000000000e-01	1.952125e-01	1.799943e+00
3.740000000000000e-01	1.957784e-01	1.799942e+00
3.750000000000000e-01	1.963445e-01	1.799942e+00
3.760000000000000e-01	1.969109e-01	1.799941e+00
3.770000000000000e-01	1.974776e-01	1.799940e+00
3.780000000000000e-01	1.980445e-01	1.799939e+00
3.790000000000000e-01	1.986116e-01	1.799938e+00
3.800000000000000e-01	1.991790e-01	1.799937e+00
3.810000000000000e-01	1.997467e-01	1.799936e+00
3.820000000000000e-01	2.003146e-01	1.799935e+00
3.830000000000000e-01	2.008828e-01	1.799934e+00
3.840000000000000e-01	2.014513e-01	1.799933e+00
3.850000000000000e-01	2.020200e-01	1.799932e+00
3.860000000000000e-01	2.025890e-01	1.799931e+00
3.870000000000000e-01	2.031582e-01	1.799930e+00
3.880000000000000e-01	2.037277e-01	1.799929e+00
3.890000000000000e-01	2.042975e-01	1.799928e+00
3.900000000000000e-01	2.048675e-01	1.799927e+00
3.910000000000000e-01	2.054378e-01	1.799926e+00
3.920000000000000e-01	2.060084e-01	1.799924e+00
3.930000000000000e-01	2.065792e-01	1.799923e+00
3.940000000000000e-01	2.071503e-01	1.799922e+00
3.950000000000000e-01	2.077216e-01	1.799921e+00
3.960000000000000e-01	2.082932e-01	1.799920e+00
3.970000000000000e-01	2.088651e-01	1.799919e+00
3.980000000000000e-01	2.094372e-01	1.799917e+00
3.990000000000000e-01	2.100096e-01	1.799916e+00
4.000000000000000e-01	2.105823e-01	1.799915e+00
4.010000000000000e-01	2.111552e-01	1.799913e+00
4.020000000000000e-01	2.117284e-01	1.799912e+00
4.030000000000000e-01	2.123019e-01	1.799911e+00
4.040000000000000e-01	2.128756e-01	1.799909e+00
4.050000000000000e-01	2.134496e-01	1.799908e+00
4.060000000000000e-01	2.140239e-01	1.799906e+00
4.070000000000000e-01	2.145985e-01	1.799905e+00
4.080000000000000e-01	2.151733e-01	1.799904e+00
4.090000000000000e-01	2.157484e-01	1.799902e+00
4.100000000000000e-01	2.163237e-01	1.799901e+00
4.110000000000000e-01	2.168993e-01	1.799899e+00
4.120000000000000e-01	2.174752e-01	1.799898e+00
4.130000000000000e-01	2.180514e-01	1.799896e+00
4.140000000000000e-01	2.186278e-01	1.799894e+00
4.150000000000000e-01	2.192046e-01	1.799893e+00
4.160000000000000e-01	2.197815e-01	1.799891e+00
4.170000000000000e-01	2.203588e-01	1.799889e+00
4.180000000000000e-01	2.209363e-01	1.799888e+00
4.190000000000000e-01	2.215141e-01	1.799886e+00
4.200000000000000e-01	2.220922e-01	1.799884e+00
4.210000000000000e-01	2.226706e-01	1.799882e+00
4.220000000000000e-01	2.232492e-01	1.799881e+00
4.230000000000000e-01	2.238281e-01	1.799879e+00
4.240000000000000e-01	2.244073e-01	1.799877e+00
4.250000000000000e-01	2.249867e-01	1.799875e+00
4.260000000000000e-01	2.255665e-01	1.799873e+00
4.270000000000000e-01	2.261465e-01	1.799871e+00
4.280000000000000e-01	2.267268e-01	1.799869e+00
4.290000000000000e-01	2.273073e-01	1.799867e+00
4.300000000000000e-01	2.278882e-01	1.799865e+00
4.310000000000000e-01	2.284693e-01	1.799863e+00
4.320000000000000e-01	2.290507e-01	1.799861e+00
4.330000000000000e-01	2.296324e-01	1.799859e+00
4.340000000000000e-01	2.302144e-01	1.799857e+00
4.350000000000000e-01	2.307966e-01	1.799854e+00
4.360000000000000e-01	2.313792e-01	1.799852e+00
4.370000000000000e-01	2.319620e-01	1.799850e+00
4.380000000000000e-01	2.325451e-01	1.799847e+00
4.390000000000000e-01	2.331284e-01	1.799845e+00
4.400000000000000e-01	2.337121e-01	1.799843e+00
4.410000000000000e-01	2.342961e-01	1.799840e+00
4.420000000000000e-01	2.348803e-01	1.799838e+00
4.430000000000000e-01	2.354648e-01	1.799835e+00
4.440000000000000e-01	2.360496e-01	1.799833e+00
4.450000000000000e-01	2.366347e-01	1.799830e+00
4.460000000000000e-01	2.372201e-01	1.799827e+00
4.470000000000000e-01	2.378058e-01	1.799825e+00
4.480000000000000e-01	2.383917e-01	1.799822e+00
4.490000000000000e-01	2.389779e-01	1.799819e+00
4.500000000000000e-01	2.395645e-01	1.799816e+00
4.510000000000000e-01	2.401513e-01	1.799814e+00
4.520000000000000e-01	2.407384e-01	1.799811e+00
4.530000000000000e-01	2.413258e-01	1.799808e+00
4.540000000000000e-01	2.419135e-01	1.799805e+00
4.550000000000000e-01	2.425015e-01	1.799802e+00
4.560000000000000e-01	2.430898e-01	1.799799e+00
4.570000000000000e-01	2.436784e-01	1.799796e+00
4.580000000000000e-01	2.442672e-01	1.799792e+00
4.590000000000000e-01	2.448564e-01	1.799789e+00
4.600000000000000e-01	2.454458e-01	1.799786e+00
4.610000000000000e-01	2.460356e-01	1.799783e+00
4.620000000000000e-01	2.466256e-01	1.799779e+00
4.630000000000000e-01	2.472160e-01	1.799776e+00
4.640000000000000e-01	2.478066e-01	1.799772e+00
4.650000000000000e-01	2.483976e-01	1.799769e+00
4.660000000000000e-01	2.489888e-01	1.799765e+00
4.670000000000000e-01	2.495804e-01	1.799761e+00
4.680000000000000e-01	2.501722e-01	1.799758e+00
4.690000000000000e-01	2.507644e-01	1.799754e+00
4.700000000000000e-01	2.513568e-01	1.799750e+00
4.710000000000000e-01	2.519495e-01	1.799746e+00
4.720000000000000e-01	2.525426e-01	1.799742e+00
4.730000000000000e-01	2.531359e-01	1.799738e+00
4.740000000000000e-01	2.537296e-01	1.799734e+00
4.750000000000000e-01	2.543236e-01	1.799730e+00
4.760000000000000e-01	2.549179e-01	1.799726e+00
4.770000000000000e-01	2.555124e-01	1.799722e+00
4.780000000000000e-01	2.561073e-01	1.799717e+00
4.790000000000000e-01	2.567025e-01	1.799713e+00
4.800000000000000e-01	2.572980e-01	1.799708e+00
4.810000000000000e-01	2.578938e-01	1.799704e+00
4.820000000000000e-01	2.584899e-01	1.799699e+00
4.830000000000000e-01	2.590864e-01	1.799695e+00
4.840000000000000e-01	2.596831e-01	1.799690e+00
4.850000000000000e-01	2.602802e-01	1.799685e+00
4.860000000000000e-01	2.608775e-01	1.799680e+00
4.870000000000000e-01	2.614752e-01	1.799675e+00
4.880000000000000e-01	2.620732e-01	1.799670e+00
4.890000000000000e-01	2.626715e-01	1.799665e+00
4.900000000000000e-01	2.632702e-01	1.799659e+00
4.910000000000000e-01	2.638691e-01	1.799654e+00
4.920000000000000e-01	2.644684e-01	1.799649e+00
4.930000000000000e-01	2.650680e-01	1.799643e+00
4.940000000000000e-01	2.656679e-01	1.799638e+00
4.950000000000000e-01	2.662681e-01	1.799632e+00
4.960000000000000e-01	2.668687e-01	1.799626e+00
4.970000000000000e-01	2.674696e-01	1.799621e+00
4.980000000000000e-01	2.680707e-01	1.799615e+00
4.990000000000000e-01	2.686723e-01	1.799608e+00
5.000000000000000e-01	2.692741e-01	1.799602e+00
5.010000000000000e-01	2.698763e-01	1.799596e+00
5.020000000000000e-01	2.704788e-01	1.799590e+00
5.030000000000000e-01	2.710816e-01	1.799583e+00
5.040000000000000e-01	2.716848e-01	1.799577e+00
5.050000000000000e-01	2.722883e-01	1.799570e+00
5.060000000000000e-01	2.728921e-01	1.799564e+00
5.070000000000000e-01	2.734962e-01	1.799557e+00
5.080000000000000e-01	2.741007e-01	1.799550e+00
5.090000000000000e-01	2.747056e-01	1.799543e+00
5.100000000000000e-01	2.753107e-01	1.799536e+00
5.110000000000000e-01	2.759162e-01	1.799528e+00
5.120000000000000e-01	2.765220e-01	1.799521e+00
5.130000000000000e-01	2.771282e-01	1.799513e+00
5.140000000000000e-01	2.777347e-01	1.799506e+00
5.150000000000000e-01	2.783416e-01	1.799498e+00
5.160000000000000e-01	2.789488e-01	1.799490e+00
5.170000000000000e-01	2.795563e-01	1.799482e+00
5.180000000000000e-01	2.801642e-01	1.799474e+00
5.190000000000000e-01	2.807724e-01	1.799466e+00
5.200000000000000e-01	2.813810e-01	1.799457e+00
5.210000000000000e-01	2.819899e-01	1.799449e+00
5.220000000000000e-01	2.825991e-01	1.799440e+00
5.230000000000000e-01	2.832088e-01	1.799432e+00
5.240000000000000e-01	2.838187e-01	1.799423e+00
5.250000000000000e-01	2.844290e-01	1.799414e+00
5.260000000000000e-01	2.850397e-01	1.799404e+00
5.270000000000000e-01	2.856507e-01	1.799395e+00
5.280000000000000e-01	2.862621e-01	1.799386e+00
5.290000000000000e-01	2.868739e-01	1.799376e+00
5.300000000000000e-01	2.874860e-01	1.799366e+00
5.310000000000000e-01	2.880984e-01	1.799356e+00
5.320000000000000e-01	2.887112e-01	1.799346e+00
5.330000000000000e-01	2.893244e-01	1.799336e+00
5.340000000000000e-01	2.899380e-01	1.799325e+00
5.350000000000000e-01	2.905519e-01	1.799315e+00
5.360000000000000e-01	2.911662e-01	1.799304e+00
5.370000000000000e-01	2.917808e-01	1.799293e+00
5.380000000000000e-01	2.923959e-01	1.799282e+00
5.390000000000000e-01	2.930112e-01	1.799271e+00
5.400000000000000e-01	2.936270e-01	1.799259e+00
5.410000000000000e-01	2.942432e-01	1.799248e+00
5.420000000000000e-01	2.948597e-01	1.799236e+00
5.430000000000000e-01	2.954766e-01	1.799224e+00
5.440000000000000e-01	2.960939e-01	1.799212e+00
5.450000000000000e-01	2.967115e-01	1.799199e+00
5.460000000000000e-01	2.973295e-01	1.799187e+00
5.470000000000000e-01	2.979479e-01	1.799174e+00
5.480000000000000e-01	2.985668e-01	1.799161e+00
5.490000000000000e-01	2.991859e-01	1.799148e+00
5.500000000000000e-01	2.998055e-01	1.799134e+00
5.510000000000000e-01	3.004255e-01	1.799121e+00
5.520000000000000e-01	3.010459e-01	1.799107e+00
5.530000000000000e-01	3.016666e-01	1.799093e+00
5.540000000000000e-01	3.022878e-01	1.799079e+00
5.550000000000000e-01	3.029093e-01	1.799064e+00
5.560000000000000e-01	3.035313e-01	1.799050e+00
5.570000000000001e-01	3.041536e-01	1.799035e+00
5.580000000000001e-01	3.047764e-01	1.799019e+00
5.590000000000001e-01	3.053995e-01	1.799004e+00
5.600000000000001e-01	3.060231e-01	1.798988e+00
5.610000000000001e-01	3.066471e-01	1.798972e+00
5.620000000000001e-01	3.072715e-01	1.798956e+00
5.630000000000001e-01	3.078963e-01	1.798940e+00
5.640000000000001e-01	3.085215e-01	1.798923e+00
5.650000000000001e-01	3.091471e-01	1.798906e+00
5.660000000000001e-01	3.097731e-01	1.798889e+00
5.670000000000001e-01	3.103996e-01	1.798872e+00
5.680000000000001e-01	3.110265e-01	1.798854e+00
5.690000000000001e-01	3.116538e-01	1.798836e+00
5.700000000000001e-01	3.122816e-01	1.798818e+00
5.710000000000001e-01	3.129098e-01	1.798799e+00
5.720000000000001e-01	3.135383e-01	1.798780e+00
5.730000000000001e-01	3.141674e-01	1.798761e+00
5.740000000000001e-01	3.147969e-01	1.798741e+00
5.750000000000001e-01	3.154268e-01	1.798722e+00
5.760000000000001e-01	3.160571e-01	1.798702e+00
5.770000000000000e-01	3.166879e-01	1.798681e+00
5.780000000000000e-01	3.173192e-01	1.798660e+00
5.790000000000000e-01	3.179509e-01	1.798639e+00
5.800000000000000e-01	3.185830e-01	1.798618e+00
5.810000000000000e-01	3.192156e-01	1.798596e+00
5.820000000000000e-01	3.198487e-01	1.798574e+00
5.830000000000000e-01	3.204822e-01	1.798552e+00
5.840000000000000e-01	3.211161e-01	1.798529e+00
5.850000000000000e-01	3.217506e-01	1.798506e+00
5.860000000000000e-01	3.223855e-01	1.798482e+00
5.870000000000000e-01	3.230208e-01	1.798458e+00
5.880000000000000e-01	3.236567e-01	1.798434e+00
5.890000000000000e-01	3.242930e-01	1.798409e+00
5.900000000000000e-01	3.249298e-01	1.798384e+00
5.910000000000000e-01	3.255671e-01	1.798359e+00
5.920000000000000e-01	3.262048e-01	1.798333e+00
5.930000000000000e-01	3.268431e-01	1.798307e+00
5.940000000000000e-01	3.274818e-01	1.798280e+00
5.950000000000000e-01	3.281211e-01	1.798253e+00
5.960000000000000e-01	3.287608e-01	1.798226e+00
5.970000000000000e-01	3.294010e-01	1.798198e+00
5.980000000000000e-01	3.300417e-01	1.798169e+00
5.990000000000000e-01	3.306829e-01	1.798140e+00
6.000000000000000e-01	3.313247e-01	1.798111e+00
6.010000000000000e-01	3.319669e-01	1.798081e+00
6.020000000000000e-01	3.326097e-01	1.798051e+00
6.030000000000000e-01	3.332530e-01	1.798020e+00
6.040000000000000e-01	3.338968e-01	1.797989e+00
6.050000000000000e-01	3.345411e-01	1.797957e+00
6.060000000000000e-01	3.351859e-01	1.797925e+00
6.070000000000000e-01	3.358313e-01	1.797893e+00
6.080000000000000e-01	3.364772e-01	1.797859e+00
6.090000000000000e-01	3.371237e-01	1.797826e+00
6.100000000000000e-01	3.377707e-01	1.797791e+00
6.110000000000000e-01	3.384182e-01	1.797757e+00
6.120000000000000e-01	3.390663e-01	1.797721e+00
6.130000000000000e-01	3.397150e-01	1.797685e+00
6.140000000000000e-01	3.403642e-01	1.797649e+00
6.150000000000000e-01	3.410140e-01	1.797612e+00
6.160000000000000e-01	3.416643e-01	1.797574e+00
6.170000000000000e-01	3.423152e-01	1.797536e+00
6.180000000000000e-01	3.429667e-01	1.797497e+00
6.190000000000000e-01	3.436188e-01	1.797457e+00
6.200000000000000e-01	3.442714e-01	1.797417e+00
6.210000000000000e-01	3.449246e-01	1.797377e+00
6.220000000000000e-01	3.455785e-01	1.797335e+00
6.230000000000000e-01	3.462329e-01	1.797293e+00
6.240000000000000e-01	3.468879e-01	1.797251e+00
6.250000000000000e-01	3.475435e-01	1.797207e+00
6.260000000000000e-01	3.481997e-01	1.797163e+00
6.270000000000000e-01	3.488566e-01	1.797118e+00
6.280000000000000e-01	3.495140e-01	1.797073e+00
6.290000000000000e-01	3.501721e-01	1.797027e+00
6.300000000000000e-01	3.508309e-01	1.796980e+00
6.310000000000000e-01	3.514902e-01	1.796932e+00
6.320000000000000e-01	3.521502e-01	1.796883e+00
6.330000000000000e-01	3.528108e-01	1.796834e+00
6.340000000000000e-01	3.534721e-01	1.796784e+00
6.350000000000000e-01	3.541340e-01	1.796733e+00
6.360000000000000e-01	3.547966e-01	1.796682e+00
6.370000000000000e-01	3.554598e-01	1.796629e+00
6.380000000000000e-01	3.561237e-01	1.796576e+00
6.390000000000000e-01	3.567883e-01	1.796522e+00
6.400000000000000e-01	3.574536e-01	1.796467e+00
6.410000000000000e-01	3.581196e-01	1.796411e+00
6.420000000000000e-01	3.587862e-01	1.796355e+00
6.430000000000000e-01	3.594536e-01	1.796297e+00
6.440000000000000e-01	3.601216e-01	1.796238e+00
6.450000000000000e-01	3.607904e-01	1.796179e+00
6.460000000000000e-01	3.614598e-01	1.796118e+00
6.470000000000000e-01	3.621300e-01	1.796057e+00
6.480000000000000e-01	3.628009e-01	1.795995e+00
6.490000000000000e-01	3.634726e-01	1.795931e+00
6.500000000000000e-01	3.641450e-01	1.795867e+00
6.510000000000000e-01	3.648181e-01	1.795801e+00
6.520000000000000e-01	3.654920e-01	1.795735e+00
6.530000000000000e-01	3.661666e-01	1.795667e+00
6.540000000000000e-01	3.668420e-01	1.795599e+00
6.550000000000000e-01	3.675182e-01	1.795529e+00
6.560000000000000e-01	3.681952e-01	1.795458e+00
6.570000000000000e-01	3.688729e-01	1.795386e+00
6.580000000000000e-01	3.695515e-01	1.795313e+00
6.590000000000000e-01	3.702308e-01	1.795239e+00
6.600000000000000e-01	3.709109e-01	1.795163e+00
6.610000000000000e-01	3.715919e-01	1.795087e+00
6.620000000000000e-01	3.722737e-01	1.795009e+00
6.630000000000000e-01	3.729562e-01	1.794930e+00
6.640000000000000e-01	3.736397e-01	1.794849e+00
6.650000000000000e-01	3.743240e-01	1.794767e+00
6.660000000000000e-01	3.750091e-01	1.794684e+00
6.670000000000000e-01	3.756951e-01	1.794600e+00
6.680000000000000e-01	3.763820e-01	1.794514e+00
6.690000000000000e-01	3.770697e-01	1.794427e+00
6.700000000000000e-01	3.777583e-01	1.794339e+00
6.710000000000000e-01	3.784478e-01	1.794249e+00
6.720000000000000e-01	3.791382e-01	1.794157e+00
6.730000000000000e-01	3.798296e-01	1.794064e+00
6.740000000000000e-01	3.805218e-01	1.793970e+00
6.750000000000000e-01	3.812149e-01	1.793874e+00
6.760000000000000e-01	3.819090e-01	1.793777e+00
6.770000000000000e-01	3.826041e-01	1.793678e+00
6.780000000000000e-01	3.833001e-01	1.793577e+00
6.790000000000000e-01	3.839970e-01	1.793475e+00
6.800000000000000e-01	3.846949e-01	1.793371e+00
6.810000000000000e-01	3.853938e-01	1.793265e+00
6.820000000000001e-01	3.860937e-01	1.793158e+00
6.830000000000001e-01	3.867946e-01	1.793049e+00
6.840000000000001e-01	3.874965e-01	1.792938e+00
6.850000000000001e-01	3.881994e-01	1.792826e+00
6.860000000000001e-01	3.889034e-01	1.792711e+00
6.870000000000001e-01	3.896084e-01	1.792595e+00
6.880000000000001e-01	3.903144e-01	1.792477e+00
6.890000000000001e-01	3.910215e-01	1.792357e+00
6.900000000000001e-01	3.917297e-01	1.792235e+00
6.910000000000001e-01	3.924389e-01	1.792111e+00
6.920000000000001e-01	3.931492e-01	1.791985e+00
6.930000000000001e-01	3.938607e-01	1.791857e+00
6.940000000000001e-01	3.945732e-01	1.791726e+00
6.950000000000001e-01	3.952869e-01	1.791594e+00
6.960000000000001e-01	3.960017e-01	1.791460e+00
6.970000000000001e-01	3.967177e-01	1.791323e+00
6.980000000000001e-01	3.974348e-01	1.791184e+00
6.990000000000001e-01	3.981531e-01	1.791043e+00
7.000000000000001e-01	3.988726e-01	1.790900e+00
7.010000000000001e-01	3.995932e-01	1.790754e+00
7.020000000000001e-01	4.003151e-01	1.790606e+00
7.030000000000001e-01	4.010382e-01	1.790455e+00
7.040000000000000e-01	4.017626e-01	1.790302e+00
7.050000000000000e-01	4.024882e-01	1.790146e+00
7.060000000000000e-01	4.032150e-01	1.789988e+00
7.070000000000000e-01	4.039432e-01	1.789828e+00
7.080000000000000e-01	4.046725e-01	1.789664e+00
7.090000000000000e-01	4.054033e-01	1.789498e+00
7.100000000000000e-01	4.061353e-01	1.789330e+00
7.110000000000000e-01	4.068686e-01	1.789158e+00
7.120000000000000e-01	4.076033e-01	1.788984e+00
7.130000000000000e-01	4.083394e-01	1.788806e+00
7.140000000000000e-01	4.090768e-01	1.788626e+00
7.150000000000000e-01	4.098156e-01	1.788443e+00
7.160000000000000e-01	4.105558e-01	1.788257e+00
7.170000000000000e-01	4.112975e-01	1.788068e+00
7.180000000000000e-01	4.120405e-01	1.787875e+00
7.190000000000000e-01	4.127851e-01	1.787680e+00
7.200000000000000e-01	4.135310e-01	1.787481e+00
7.210000000000000e-01	4.142785e-01	1.787279e+00
7.220000000000000e-01	4.150274e-01	1.787073e+00
7.230000000000000e-01	4.157779e-01	1.786865e+00
7.240000000000000e-01	4.165299e-01	1.786652e+00
7.250000000000000e-01	4.172835e-01	1.786437e+00
7.260000000000000e-01	4.180386e-01	1.786217e+00
7.270000000000000e-01	4.187953e-01	1.785994e+00
7.280000000000000e-01	4.195536e-01	1.785767e+00
7.290000000000000e-01	4.203135e-01	1.785537e+00
7.300000000000000e-01	4.210751e-01	1.785303e+00
7.310000000000000e-01	4.218383e-01	1.785064e+00
7.320000000000000e-01	4.226032e-01	1.784822e+00
7.330000000000000e-01	4.233698e-01	1.784576e+00
7.340000000000000e-01	4.241381e-01	1.784325e+00
7.350000000000000e-01	4.249081e-01	1.784071e+00
7.360000000000000e-01	4.256800e-01	1.783812e+00
7.370000000000000e-01	4.264535e-01	1.783548e+00
7.380000000000000e-01	4.272289e-01	1.783281e+00
7.390000000000000e-01	4.280061e-01	1.783009e+00
7.400000000000000e-01	4.287851e-01	1.782732e+00
7.410000000000000e-01	4.295660e-01	1.782451e+00
7.420000000000000e-01	4.303488e-01	1.782165e+00
7.430000000000000e-01	4.311335e-01	1.781874e+00
7.440000000000000e-01	4.319202e-01	1.781578e+00
7.450000000000000e-01	4.327087e-01	1.781277e+00
7.460000000000000e-01	4.334993e-01	1.780971e+00
7.470000000000000e-01	4.342919e-01	1.780660e+00
7.480000000000000e-01	4.350865e-01	1.780344e+00
7.490000000000000e-01	4.358832e-01	1.780022e+00
7.500000000000000e-01	4.366819e-01	1.779695e+00
7.510000000000000e-01	4.374828e-01	1.779362e+00
7.520000000000000e-01	4.382858e-01	1.779024e+00
7.530000000000000e-01	4.390909e-01	1.778679e+00
7.540000000000000e-01	4.398983e-01	1.778329e+00
7.550000000000000e-01	4.407078e-01	1.777974e+00
7.560000000000000e-01	4.415196e-01	1.777611e+00
7.570000000000000e-01	4.423337e-01	1.777243e+00
7.580000000000000e-01	4.431501e-01	1.776869e+00
7.590000000000000e-01	4.439688e-01	1.776488e+00
7.600000000000000e-01	4.447899e-01	1.776100e+00
7.610000000000000e-01	4.456134e-01	1.775706e+00
7.620000000000000e-01	4.464394e-01	1.775305e+00
7.630000000000000e-01	4.472678e-01	1.774897e+00
7.640000000000000e-01	4.480987e-01	1.774482e+00
7.650000000000000e-01	4.489322e-01	1.774060e+00
7.660000000000000e-01	4.497682e-01	1.773631e+00
7.670000000000000e-01	4.506068e-01	1.773194e+00
7.680000000000000e-01	4.514481e-01	1.772750e+00
7.690000000000000e-01	4.522920e-01	1.772298e+00
7.700000000000000e-01	4.531387e-01	1.771838e+00
7.710000000000000e-01	4.539881e-01	1.771370e+00
7.720000000000000e-01	4.548404e-01	1.770894e+00
7.730000000000000e-01	4.556954e-01	1.770409e+00
7.740000000000000e-01	4.565534e-01	1.769916e+00
7.750000000000000e-01	4.574143e-01	1.769414e+00
7.760000000000000e-01	4.582781e-01	1.768904e+00
7.770000000000000e-01	4.591450e-01	1.768385e+00
7.780000000000000e-01	4.600149e-01	1.767856e+00
7.790000000000000e-01	4.608879e-01	1.767318e+00
7.800000000000000e-01	4.617641e-01	1.766770e+00
7.810000000000000e-01	4.626435e-01	1.766213e+00
7.820000000000000e-01	4.635262e-01	1.765646e+00
7.830000000000000e-01	4.644121e-01	1.765069e+00
7.840000000000000e-01	4.653014e-01	1.764481e+00
7.850000000000000e-01	4.661942e-01	1.763883e+00
7.860000000000000e-01	4.670903e-01	1.763274e+00
7.870000000000000e-01	4.679901e-01	1.762655e+00
7.880000000000000e-01	4.688934e-01	1.762024e+00
7.890000000000000e-01	4.698004e-01	1.761381e+00
7.900000000000000e-01	4.707110e-01	1.760727e+00
7.910000000000000e-01	4.716254e-01	1.760061e+00
7.920000000000000e-01	4.725437e-01	1.759383e+00
7.930000000000000e-01	4.734659e-01	1.758693e+00
7.940000000000000e-01	4.743921e-01	1.757989e+00
7.950000000000000e-01	4.753222e-01	1.757273e+00
7.960000000000000e-01	4.762566e-01	1.756544e+00
7.970000000000000e-01	4.771951e-01	1.755801e+00
7.980000000000000e-01	4.781379e-01	1.755044e+00
7.990000000000000e-01	4.790850e-01	1.754274e+00
8.000000000000000e-01	4.800366e-01	1.753488e+00
8.010000000000000e-01	4.809926e-01	1.752688e+00
8.020000000000000e-01	4.819533e-01	1.751873e+00
8.030000000000000e-01	4.829187e-01	1.751043e+00
8.040000000000000e-01	4.838889e-01	1.750196e+00
8.050000000000000e-01	4.848639e-01	1.749334e+00
8.060000000000000e-01	4.858440e-01	1.748455e+00
8.070000000000001e-01	4.868291e-01	1.747559e+00
8.080000000000001e-01	4.878194e-01	1.746646e+00
8.090000000000001e-01	4.888150e-01	1.745715e+00
8.100000000000001e-01	4.898160e-01	1.744766e+00
8.110000000000001e-01	4.908226e-01	1.743798e+00
8.120000000000001e-01	4.918348e-01	1.742811e+00
8.130000000000001e-01	4.928528e-01	1.741805e+00
8.140000000000001e-01	4.938767e-01	1.740778e+00
8.150000000000001e-01	4.949067e-01	1.739731e+00
8.160000000000001e-01	4.959428e-01	1.738663e+00
8.170000000000001e-01	4.969853e-01	1.737573e+00
8.180000000000001e-01	4.980343e-01	1.736460e+00
8.190000000000001e-01	4.990899e-01	1.735325e+00
8.200000000000001e-01	5.001523e-01	1.734167e+00
8.210000000000001e-01	5.012218e-01	1.732984e+00
8.220000000000001e-01	5.022984e-01	1.731776e+00
8.230000000000001e-01	5.033823e-01	1.730543e+00
8.240000000000001e-01	5.044737e-01	1.729283e+00
8.250000000000001e-01	5.055730e-01	1.727997e+00
8.260000000000001e-01	5.066803e-01	1.726682e+00
8.270000000000001e-01	5.077956e-01	1.725339e+00
8.280000000000001e-01	5.089195e-01	1.723966e+00
8.290000000000001e-01	5.100520e-01	1.722563e+00
8.300000000000001e-01	5.111935e-01	1.721128e+00
8.310000000000001e-01	5.123441e-01	1.719660e+00
8.320000000000001e-01	5.135043e-01	1.718158e+00
8.330000000000000e-01	5.146743e-01	1.716622e+00
8.340000000000000e-01	5.158544e-01	1.715050e+00
8.350000000000000e-01	5.170450e-01	1.713440e+00
8.360000000000000e-01	5.182464e-01	1.711792e+00
8.370000000000000e-01	5.194589e-01	1.710103e+00
8.380000000000000e-01	5.206831e-01	1.708373e+00
8.390000000000000e-01	5.219194e-01	1.706599e+00
8.400000000000000e-01	5.231681e-01	1.704781e+00
8.410000000000000e-01	5.244298e-01	1.702915e+00
8.420000000000000e-01	5.257050e-01	1.701001e+00
8.430000000000000e-01	5.269942e-01	1.699035e+00
8.440000000000000e-01	5.282981e-01	1.697017e+00
8.450000000000000e-01	5.296174e-01	1.694942e+00
8.460000000000000e-01	5.309526e-01	1.692810e+00
8.470000000000000e-01	5.323045e-01	1.690616e+00
8.480000000000000e-01	5.336740e-01	1.688358e+00
8.490000000000000e-01	5.350620e-01	1.686033e+00
8.500000000000000e-01	5.364693e-01	1.683636e+00
8.510000000000000e-01	5.378971e-01	1.681164e+00
8.520000000000000e-01	5.393464e-01	1.678613e+00
8.530000000000000e-01	5.408187e-01	1.675977e+00
8.540000000000000e-01	5.423152e-01	1.673251e+00
8.550000000000000e-01	5.438375e-01	1.670430e+00
8.560000000000000e-01	5.453875e-01	1.667506e+00
8.570000000000000e-01	5.469670e-01	1.664473e+00
8.580000000000000e-01	5.485781e-01	1.661322e+00
8.590000000000000e-01	5.502235e-01	1.658043e+00
8.600000000000000e-01	5.519060e-01	1.654626e+00
8.610000000000000e-01	5.536289e-01	1.651058e+00
8.620000000000000e-01	5.553960e-01	1.647324e+00
8.630000000000000e-01	5.572119e-01	1.643408e+00
8.640000000000000e-01	5.590817e-01	1.639289e+00
8.650000000000000e-01	5.610121e-01	1.634943e+00
8.660000000000000e-01	5.630109e-01	1.630339e+00
8.670000000000000e-01	5.650877e-01	1.625440e+00
8.680000000000000e-01	5.672551e-01	1.620199e+00
8.690000000000000e-01	5.695292e-01	1.614555e+00
8.700000000000000e-01	5.719318e-01	1.608425e+00
8.710000000000000e-01	5.744935e-01	1.601690e+00
8.720000000000000e-01	5.772597e-01	1.594180e+00
8.730000000000000e-01	5.803026e-01	1.585616e+00
8.740000000000000e-01	5.837519e-01	1.575505e+00
8.750000000000000e-01	5.878869e-01	1.562779e+00
8.760000000000000e-01	5.937631e-01	1.543405e+00
8.770000000000000e-01	8.383297e-01	7.811006e-01
8.780000000000000e-01	8.400354e-01	7.790231e-01
8.790000000000000e-01	8.417384e-01	7.769521e-01
8.800000000000000e-01	8.434393e-01	7.748859e-01
8.810000000000000e-01	8.451379e-01	7.728251e-01
8.820000000000000e-01	8.468342e-01	7.707697e-01
8.830000000000000e-01	8.485281e-01	7.687194e-01
8.840000000000000e-01	8.502198e-01	7.666745e-01
8.850000000000000e-01	8.519092e-01	7.646348e-01
8.860000000000000e-01	8.535962e-01	7.626003e-01
8.870000000000000e-01	8.552809e-01	7.605710e-01
8.880000000000000e-01	8.569633e-01	7.585468e-01
8.890000000000000e-01	8.586434e-01	7.565278e-01
8.900000000000000e-01	8.603212e-01	7.545139e-01
8.910000000000000e-01	8.619966e-01	7.525050e-01
8.920000000000000e-01	8.636697e-01	7.505013e-01
8.930000000000000e-01	8.653404e-01	7.485026e-01
8.940000000000000e-01	8.670087e-01	7.465090e-01
8.950000000000000e-01	8.686748e-01	7.445204e-01
8.960000000000000e-01	8.703384e-01	7.425369e-01
8.970000000000000e-01	8.719996e-01	7.405584e-01
8.980000000000000e-01	8.736584e-01	7.385849e-01
8.990000000000000e-01	8.753148e-01	7.366165e-01
9.000000000000000e-01	8.769688e-01	7.346531e-01
9.010000000000000e-01	8.786203e-01	7.326946e-01
9.020000000000000e-01	8.802694e-01	7.307412e-01
9.030000000000000e-01	8.819160e-01	7.287928e-01
9.040000000000000e-01	8.835602e-01	7.268494e-01
9.050000000000000e-01	8.852018e-01	7.249110e-01
9.060000000000000e-01	8.868409e-01	7.229776e-01
9.070000000000000e-01	8.884776e-01	7.210492e-01
9.080000000000000e-01	8.901116e-01	7.191259e-01
9.090000000000000e-01	8.917431e-01	7.172076e-01
9.100000000000000e-01	8.933721e-01	7.152942e-01
9.110000000000000e-01	8.949984e-01	7.133859e-01
9.120000000000000e-01	8.966221e-01	7.114828e-01
9.130000000000000e-01	8.982432e-01	7.095846e-01
9.140000000000000e-01	8.998617e-01	7.076915e-01
9.150000000000000e-01	9.014775e-01	7.058035e-01
9.160000000000000e-01	9.030905e-01	7.039205e-01
9.170000000000000e-01	9.047009e-01	7.020426e-01
9.180000000000000e-01	9.063087e-01	7.001699e-01
9.190000000000000e-01	9.079136e-01	6.983022e-01
9.200000000000000e-01	9.095157e-01	6.964397e-01
9.210000000000000e-01	9.111151e-01	6.945823e-01
9.220000000000000e-01	9.127117e-01	6.927301e-01
9.230000000000000e-01	9.143054e-01	6.908831e-01
9.240000000000000e-01	9.158963e-01	6.890413e-01
9.250000000000000e-01	9.174843e-01	6.872046e-01
9.260000000000000e-01	9.190695e-01	6.853732e-01
9.270000000000000e-01	9.206517e-01	6.835470e-01
9.280000000000000e-01	9.222310e-01	6.817260e-01
9.290000000000000e-01	9.238073e-01	6.799103e-01
9.300000000000000e-01	9.253806e-01	6.780999e-01
9.310000000000000e-01	9.269510e-01	6.762948e-01
9.320000000000001e-01	9.285184e-01	6.744950e-01
9.330000000000001e-01	9.300826e-01	6.727005e-01
9.340000000000001e-01	9.316438e-01	6.709114e-01
9.350000000000001e-01	9.332020e-01	6.691276e-01
9.360000000000001e-01	9.347570e-01	6.673493e-01
9.370000000000001e-01	9.363089e-01	6.655763e-01
9.380000000000001e-01	9.378576e-01	6.638088e-01
9.390000000000001e-01	9.394032e-01	6.620467e-01
9.400000000000001e-01	9.409456e-01	6.602901e-01
9.410000000000001e-01	9.424847e-01	6.585389e-01
9.420000000000001e-01	9.440206e-01	6.567933e-01
9.430000000000001e-01	9.455532e-01	6.550531e-01
9.440000000000001e-01	9.470826e-01	6.533185e-01
9.450000000000001e-01	9.486086e-01	6.515895e-01
9.460000000000001e-01	9.501314e-01	6.498659e-01
9.470000000000001e-01	9.516507e-01	6.481480e-01
9.480000000000001e-01	9.531667e-01	6.464357e-01
9.490000000000001e-01	9.546794e-01	6.447290e-01
9.500000000000001e-01	9.561886e-01	6.430278e-01
9.510000000000001e-01	9.576944e-01	6.413324e-01
9.520000000000001e-01	9.591967e-01	6.396426e-01
9.530000000000001e-01	9.606957e-01	6.379585e-01
9.540000000000001e-01	9.621911e-01	6.362801e-01
9.550000000000001e-01	9.636830e-01	6.346074e-01
9.560000000000001e-01	9.651715e-01	6.329404e-01
9.570000000000001e-01	9.666563e-01	6.312791e-01
9.580000000000001e-01	9.681377e-01	6.296236e-01
9.590000000000001e-01	9.696155e-01	6.279738e-01
9.600000000000000e-01	9.710897e-01	6.263298e-01
9.610000000000000e-01	9.725603e-01	6.246916e-01
9.620000000000000e-01	9.740273e-01	6.230592e-01
9.630000000000000e-01	9.754907e-01	6.214325e-01
9.640000000000000e-01	9.769505e-01	6.198117e-01
9.650000000000000e-01	9.784067e-01	6.181967e-01
9.660000000000000e-01	9.798591e-01	6.165875e-01
9.670000000000000e-01	9.813080e-01	6.149842e-01
9.680000000000000e-01	9.827531e-01	6.133866e-01
9.690000000000000e-01	9.841946e-01	6.117949e-01
9.700000000000000e-01	9.856324e-01	6.102091e-01
9.710000000000000e-01	9.870664e-01	6.086291e-01
9.720000000000000e-01	9.884968e-01	6.070550e-01
9.730000000000000e-01	9.899235e-01	6.054868e-01
9.740000000000000e-01	9.913465e-01	6.039243e-01
9.750000000000000e-01	9.927657e-01	6.023678e-01
9.760000000000000e-01	9.941813e-01	6.008171e-01
9.770000000000000e-01	9.955931e-01	5.992723e-01
9.780000000000000e-01	9.970011e-01	5.977333e-01
9.790000000000000e-01	9.984055e-01	5.962002e-01
9.800000000000000e-01	9.998060e-01	5.946730e-01
9.810000000000000e-01	1.001203e+00	5.931516e-01
9.820000000000000e-01	1.002596e+00	5.916360e-01
9.830000000000000e-01	1.003986e+00	5.901263e-01
9.840000000000000e-01	1.005371e+00	5.886224e-01
9.850000000000000e-01	1.006753e+00	5.871243e-01
9.860000000000000e-01	1.008131e+00	5.856321e-01
9.870000000000000e-01	1.009506e+00	5.841457e-01
9.880000000000000e-01	1.010877e+00	5.826650e-01
9.890000000000000e-01	1.012244e+00	5.811902e-01
9.900000000000000e-01	1.013607e+00	5.797212e-01
9.910000000000000e-01	1.014967e+00	5.782579e-01
9.920000000000000e-01	1.016323e+00	5.768003e-01
9.930000000000000e-01	1.017675e+00	5.753486e-01
9.940000000000000e-01	1.019024e+00	5.739025e-01
9.950000000000000e-01	1.020369e+00	5.724622e-01
9.960000000000000e-01	1.021711e+00	5.710275e-01
9.970000000000000e-01	1.023048e+00	5.695986e-01
9.980000000000000e-01	1.024383e+00	5.681753e-01
9.990000000000000e-01	1.025713e+00	5.667577e-01
1.000000000000000e+00	1.027040e+00	5.653456e-01
1.001000000000000e+00	1.028363e+00	5.639393e-01
1.002000000000000e+00	1.029683e+00	5.625385e-01
1.003000000000000e+00	1.031000e+00	5.611433e-01
1.004000000000000e+00	1.032313e+00	5.597537e-01
1.005000000000000e+00	1.033622e+00	5.583695e-01
1.006000000000000e+00	1.034927e+00	5.569909e-01
1.007000000000000e+00	1.036230e+00	5.556178e-01
1.008000000000000e+00	1.037529e+00	5.542502e-01
1.009000000000000e+00	1.038824e+00	5.528880e-01
1.010000000000000e+00	1.040116e+00	5.515312e-01
1.011000000000000e+00	1.041405e+00	5.501798e-01
1.012000000000000e+00	1.042690e+00	5.488338e-01
1.013000000000000e+00	1.043972e+00	5.474932e-01
1.014000000000000e+00	1.045251e+00	5.461579e-01
1.015000000000000e+00	1.046526e+00	5.448279e-01
1.016000000000000e+00	1.047798e+00	5.435032e-01
1.017000000000000e+00	1.049067e+00	5.421837e-01
1.018000000000000e+00	1.050332e+00	5.408695e-01
1.019000000000000e+00	1.051594e+00	5.395604e-01
1.020000000000000e+00	1.052853e+00	5.382566e-01
1.021000000000000e+00	1.054109e+00	5.369579e-01
1.022000000000000e+00	1.055362e+00	5.356643e-01
1.023000000000000e+00	1.056612e+00	5.343758e-01
1.024000000000000e+00	1.057858e+00	5.330924e-01
1.025000000000000e+00	1.059102e+00	5.318140e-01
1.026000000000000e+00	1.060342e+00	5.305406e-01
1.027000000000000e+00	1.061580e+00	5.292722e-01
1.028000000000000e+00	1.062814e+00	5.280088e-01
1.029000000000000e+00	1.064046e+00	5.267503e-01
1.030000000000000e+00	1.065275e+00	5.254967e-01
1.031000000000000e+00	1.066500e+00	5.242480e-01
1.032000000000000e+00	1.067723e+00	5.230042e-01
1.033000000000000e+00	1.068943e+00	5.217652e-01
1.034000000000000e+00	1.070160e+00	5.205309e-01
1.035000000000000e+00	1.071375e+00	5.193015e-01
1.036000000000000e+00	1.072586e+00	5.180767e-01
1.037000000000000e+00	1.073795e+00	5.168567e-01
1.038000000000000e+00	1.075001e+00	5.156414e-01
1.039000000000000e+00	1.076205e+00	5.144308e-01
1.040000000000000e+00	1.077405e+00	5.132247e-01
1.041000000000000e+00	1.078604e+00	5.120233e-01
1.042000000000000e+00	1.079799e+00	5.108265e-01
1.043000000000000e+00	1.080992e+00	5.096342e-01
1.044000000000000e+00	1.082182e+00	5.084465e-01
1.045000000000000e+00	1.083370e+00	5.072632e-01
1.046000000000000e+00	1.084556e+00	5.060844e-01
1.047000000000000e+00	1.085739e+00	5.049101e-01
1.048000000000000e+00	1.086919e+00	5.037403e-01
1.049000000000000e+00	1.088097e+00	5.025747e-01
1.050000000000000e+00	1.089273e+00	5.014136e-01
1.051000000000000e+00	1.090446e+00	5.002569e-01
1.052000000000000e+00	1.091617e+00	4.991045e-01
1.053000000000000e+00	1.092786e+00	4.979564e-01
1.054000000000000e+00	1.093952e+00	4.968125e-01
1.055000000000000e+00	1.095116e+00	4.956730e-01
1.056000000000000e+00	1.096278e+00	4.945376e-01
1.057000000000000e+00	1.097438e+00	4.934065e-01
1.058000000000000e+00	1.098595e+00	4.922796e-01
1.059000000000000e+00	1.099751e+00	4.911568e-01
1.060000000000000e+00	1.100904e+00	4.900382e-01
1.061000000000000e+00	1.102055e+00	4.889237e-01
1.062000000000000e+00	1.103204e+00	4.878134e-01
1.063000000000000e+00	1.104351e+00	4.867071e-01
1.064000000000000e+00	1.105496e+00	4.856048e-01
1.065000000000000e+00	1.106639e+00	4.845067e-01
1.066000000000000e+00	1.107780e+00	4.834125e-01
1.067000000000000e+00	1.108919e+00	4.823224e-01
1.068000000000000e+00	1.110056e+00	4.812362e-01
1.069000000000000e+00	1.111191e+00	4.801540e-01
1.070000000000000e+00	1.112324e+00	4.790758e-01
1.071000000000000e+00	1.113456e+00	4.780015e-01
1.072000000000000e+00	1.114585e+00	4.769311e-01
1.073000000000000e+00	1.115713e+00	4.758646e-01
1.074000000000000e+00	1.116839e+00	4.748021e-01
1.075000000000000e+00	1.117963e+00	4.737433e-01
1.076000000000000e+00	1.119085e+00	4.726885e-01
1.077000000000000e+00	1.120206e+00	4.716375e-01
1.078000000000000e+00	1.121325e+00	4.705903e-01
1.079000000000000e+00	1.122442e+00	4.695469e-01
1.080000000000000e+00	1.123558e+00	4.685073e-01
1.081000000000000e+00	1.124672e+00	4.674714e-01
1.082000000000000e+00	1.125784e+00	4.664394e-01
1.083000000000000e+00	1.126895e+00	4.654111e-01
1.084000000000000e+00	1.128004e+00	4.643865e-01
1.085000000000000e+00	1.129111e+00	4.633657e-01
1.086000000000000e+00	1.130217e+00	4.623486e-01
1.087000000000000e+00	1.131321e+00	4.613352e-01
1.088000000000000e+00	1.132424e+00	4.603254e-01
1.089000000000000e+00	1.133526e+00	4.593194e-01
1.090000000000000e+00	1.134626e+00	4.583170e-01
1.091000000000000e+00	1.135724e+00	4.573183e-01
1.092000000000000e+00	1.136821e+00	4.563233e-01
1.093000000000000e+00	1.137916e+00	4.553319e-01
1.094000000000000e+00	1.139010e+00	4.543441e-01
1.095000000000000e+00	1.140103e+00	4.533600e-01
1.096000000000000e+00	1.141194e+00	4.523794e-01
1.097000000000000e+00	1.142284e+00	4.514025e-01
1.098000000000000e+00	1.143373e+00	4.504292e-01
1.099000000000000e+00	1.144460e+00	4.494594e-01
1.100000000000000e+00	1.145546e+00	4.484933e-01
1.101000000000000e+00	1.146631e+00	4.475307e-01
1.102000000000000e+00	1.147714e+00	4.465717e-01
1.103000000000000e+00	1.148796e+00	4.456162e-01
1.104000000000000e+00	1.149877e+00	4.446643e-01
1.105000000000000e+00	1.150956e+00	4.437160e-01
1.106000000000000e+00	1.152034e+00	4.427712e-01
1.107000000000000e+00	1.153111e+00	4.418299e-01
1.108000000000000e+00	1.154187e+00	4.408922e-01
1.109000000000000e+00	1.155262e+00	4.399580e-01
1.110000000000000e+00	1.156335e+00	4.390273e-01
1.111000000000000e+00	1.157407e+00	4.381002e-01
1.112000000000000e+00	1.158478e+00	4.371765e-01
1.113000000000000e+00	1.159548e+00	4.362563e-01
1.114000000000000e+00	1.160617e+00	4.353397e-01
1.115000000000000e+00	1.161685e+00	4.344266e-01
1.116000000000000e+00	1.162751e+00	4.335169e-01
1.117000000000000e+00	1.163816e+00	4.326108e-01
1.118000000000000e+00	1.164881e+00	4.317082e-01
1.119000000000000e+00	1.165944e+00	4.308090e-01
1.120000000000000e+00	1.167006e+00	4.299133e-01
1.121000000000000e+00	1.168067e+00	4.290211e-01
1.122000000000000e+00	1.169127e+00	4.281324e-01
1.123000000000000e+00	1.170186e+00	4.272471e-01
1.124000000000000e+00	1.171244e+00	4.263653e-01
1.125000000000000e+00	1.172301e+00	4.254870e-01
1.126000000000000e+00	1.173357e+00	4.246122e-01
1.127000000000000e+00	1.174411e+00	4.237408e-01
1.128000000000000e+00	1.175465e+00	4.228729e-01
1.129000000000000e+00	1.176518e+00	4.220085e-01
1.130000000000000e+00	1.177570e+00	4.211475e-01
1.131000000000000e+00	1.178621e+00	4.202900e-01
1.132000000000000e+00	1.179671e+00	4.194359e-01
1.133000000000000e+00	1.180720e+00	4.185853e-01
1.134000000000000e+00	1.181768e+00	4.177381e-01
1.135000000000000e+00	1.182815e+00	4.168944e-01
1.136000000000000e+00	1.183861e+00	4.160542e-01
1.137000000000000e+00	1.184906e+00	4.152173e-01
1.138000000000000e+00	1.185951e+00	4.143840e-01
1.139000000000000e+00	1.186994e+00	4.135541e-01
1.140000000000000e+00	1.188037e+00	4.127276e-01
1.141000000000000e+00	1.189078e+00	4.119046e-01
1.142000000000000e+00	1.190119e+00	4.110850e-01
1.143000000000000e+00	1.191159e+00	4.102688e-01
1.144000000000000e+00	1.192198e+00	4.094561e-01
1.145000000000000e+00	1.193236e+00	4.086469e-01
1.146000000000000e+00	1.194273e+00	4.078410e-01
1.147000000000000e+00	1.195310e+00	4.070387e-01
1.148000000000000e+00	1.196345e+00	4.062397e-01
1.149000000000000e+00	1.197380e+00	4.054442e-01
1.150000000000000e+00	1.198414e+00	4.046521e-01
1.151000000000000e+00	1.199447e+00	4.038634e-01
1.152000000000000e+00	1.200479e+00	4.030782e-01
1.153000000000000e+00	1.201511e+00	4.022964e-01
1.154000000000000e+00	1.202541e+00	4.015180e-01
1.155000000000000e+00	1.203571e+00	4.007431e-01
1.156000000000000e+00	1.204600e+00	3.999715e-01
1.157000000000000e+00	1.205628e+00	3.992034e-01
1.158000000000000e+00	1.206656e+00	3.984387e-01
1.159000000000000e+00	1.207682e+00	3.976775e-01
1.160000000000000e+00	1.208708e+00	3.969196e-01
1.161000000000000e+00	1.209734e+00	3.961652e-01
1.162000000000000e+00	1.210758e+00	3.954141e-01
1.163000000000000e+00	1.211782e+00	3.946665e-01
1.164000000000000e+00	1.212804e+00	3.939223e-01
1.165000000000000e+00	1.213827e+00	3.931815e-01
1.166000000000000e+00	1.214848e+00	3.924440e-01
1.167000000000000e+00	1.215869e+00	3.917100e-01
1.168000000000000e+00	1.216889e+00	3.909794e-01
1.169000000000000e+00	1.217908e+00	3.902522e-01
1.170000000000000e+00	1.218926e+00	3.895284e-01
1.171000000000000e+00	1.219944e+00	3.888079e-01
1.172000000000000e+00	1.220961e+00	3.880909e-01
1.173000000000000e+00	1.221977e+00	3.873772e-01
1.174000000000000e+00	1.222993e+00	3.866669e-01
1.175000000000000e+00	1.224008e+00	3.859600e-01
1.176000000000000e+00	1.225022e+00	3.852564e-01
1.177000000000000e+00	1.226036e+00	3.845562e-01
1.178000000000000e+00	1.227049e+00	3.838594e-01
1.179000000000000e+00	1.228061e+00	3.831660e-01
1.180000000000000e+00	1.229072e+00	3.824758e-01
1.181000000000000e+00	1.230083e+00	3.817891e-01
1.182000000000000e+00	1.231094e+00	3.811057e-01
1.183000000000000e+00	1.232103e+00	3.804256e-01
1.184000000000000e+00	1.233112e+00	3.797489e-01
1.185000000000000e+00	1.234120e+00	3.790754e-01
1.186000000000000e+00	1.235128e+00	3.784054e-01
1.187000000000000e+00	1.236135e+00	3.777386e-01
1.188000000000000e+00	1.237141e+00	3.770752e-01
1.189000000000000e+00	1.238147e+00	3.764150e-01
1.190000000000000e+00	1.239152e+00	3.757582e-01
1.191000000000000e+00	1.240156e+00	3.751047e-01
1.192000000000000e+00	1.241160e+00	3.744544e-01
1.193000000000000e+00	1.242163e+00	3.738075e-01
1.194000000000000e+00	1.243166e+00	3.731638e-01
1.195000000000000e+00	1.244168e+00	3.725234e-01
1.196000000000000e+00	1.245169e+00	3.718863e-01
1.197000000000000e+00	1.246170e+00	3.712524e-01
1.198000000000000e+00	1.247170e+00	3.706218e-01
1.199000000000000e+00	1.248170e+00	3.699944e-01
1.200000000000000e+00	1.249169e+00	3.693703e-01
1.201000000000000e+00	1.250167e+00	3.687494e-01
1.202000000000000e+00	1.251165e+00	3.681317e-01
1.203000000000000e+00	1.252162e+00	3.675172e-01
1.204000000000000e+00	1.253159e+00	3.669059e-01
1.205000000000000e+00	1.254155e+00	3.662979e-01
1.206000000000000e+00	1.255150e+00	3.656930e-01
1.207000000000000e+00	1.256145e+00	3.650913e-01
1.208000000000000e+00	1.257140e+00	3.644928e-01
1.209000000000000e+00	1.258134e+00	3.638974e-01
1.210000000000000e+00	1.259127e+00	3.633052e-01
1.211000000000000e+00	1.260120e+00	3.627162e-01
1.212000000000000e+00	1.261112e+00	3.621303e-01
1.213000000000000e+00	1.262104e+00	3.615475e-01
1.214000000000000e+00	1.263095e+00	3.609678e-01
1.215000000000000e+00	1.264085e+00	3.603912e-01
1.216000000000000e+00	1.265075e+00	3.598178e-01
1.217000000000000e+00	1.266065e+00	3.592474e-01
1.218000000000000e+00	1.267054e+00	3.586801e-01
1.219000000000000e+00	1.268042e+00	3.581159e-01
1.220000000000000e+00	1.269030e+00	3.575547e-01
1.221000000000000e+00	1.270018e+00	3.569966e-01
1.222000000000000e+00	1.271004e+00	3.564415e-01
1.223000000000000e+00	1.271991e+00	3.558894e-01
1.224000000000000e+00	1.272977e+00	3.553404e-01
1.225000000000000e+00	1.273962e+00	3.547944e-01
1.226000000000000e+00	1.274947e+00	3.542513e-01
1.227000000000000e+00	1.275931e+00	3.537112e-01
1.228000000000000e+00	1.276915e+00	3.531741e-01
1.229000000000000e+00	1.277899e+00	3.526399e-01
1.230000000000000e+00	1.278882e+00	3.521087e-01
1.231000000000000e+00	1.279864e+00	3.515805e-01
1.232000000000000e+00	1.280846e+00	3.510551e-01
1.233000000000000e+00	1.281827e+00	3.505327e-01
1.234000000000000e+00	1.282808e+00	3.500131e-01
1.235000000000000e+00	1.283789e+00	3.494965e-01
1.236000000000000e+00	1.284769e+00	3.489827e-01
1.237000000000000e+00	1.285748e+00	3.484717e-01
1.238000000000000e+00	1.286728e+00	3.479636e-01
1.239000000000000e+00	1.287706e+00	3.474584e-01
1.240000000000000e+00	1.288684e+00	3.469559e-01
1.241000000000000e+00	1.289662e+00	3.464563e-01
1.242000000000000e+00	1.290640e+00	3.459595e-01
1.243000000000000e+00	1.291616e+00	3.454654e-01
1.244000000000000e+00	1.292593e+00	3.449741e-01
1.245000000000000e+00	1.293569e+00	3.444856e-01
1.246000000000000e+00	1.294544e+00	3.439998e-01
1.247000000000000e+00	1.295519e+00	3.435167e-01
1.248000000000000e+00	1.296494e+00	3.430363e-01
1.249000000000000e+00	1.297468e+00	3.425587e-01
1.250000000000000e+00	1.298442e+00	3.420837e-01
1.251000000000000e+00	1.299415e+00	3.416114e-01
1.252000000000000e+00	1.300388e+00	3.411417e-01
1.253000000000000e+00	1.301360e+00	3.406747e-01
1.254000000000000e+00	1.302333e+00	3.402103e-01
1.255000000000000e+00	1.303304e+00	3.397485e-01
1.256000000000000e+00	1.304275e+00	3.392894e-01
1.257000000000000e+00	1.305246e+00	3.388328e-01
1.258000000000000e+00	1.306217e+00	3.383788e-01
1.259000000000000e+00	1.307187e+00	3.379273e-01
1.260000000000000e+00	1.308156e+00	3.374784e-01
1.261000000000000e+00	1.309125e+00	3.370320e-01
1.262000000000000e+00	1.310094e+00	3.365881e-01
1.263000000000000e+00	1.311063e+00	3.361467e-01
1.264000000000000e+00	1.312031e+00	3.357078e-01
1.265000000000000e+00	1.312998e+00	3.352714e-01
1.266000000000000e+00	1.313965e+00	3.348374e-01
1.267000000000000e+00	1.314932e+00	3.344059e-01
1.268000000000000e+00	1.315899e+00	3.339768e-01
1.269000000000000e+00	1.316865e+00	3.335501e-01
1.270000000000000e+00	1.317830e+00	3.331258e-01
1.271000000000000e+00	1.318796e+00	3.327039e-01
1.272000000000000e+00	1.319760e+00	3.322843e-01
1.273000000000000e+00	1.320725e+00	3.318671e-01
1.274000000000000e+00	1.321689e+00	3.314523e-01
1.275000000000000e+00	1.322653e+00	3.310397e-01
1.276000000000000e+00	1.323616e+00	3.306295e-01
1.277000000000000e+00	1.324579e+00	3.302215e-01
1.278000000000000e+00	1.325542e+00	3.298158e-01
1.279000000000000e+00	1.326504e+00	3.294124e-01
1.280000000000000e+00	1.327466e+00	3.290113e-01
1.281000000000000e+00	1.328428e+00	3.286123e-01
1.282000000000000e+00	1.329389e+00	3.282156e-01
1.283000000000000e+00	1.330350e+00	3.278211e-01
1.284000000000000e+00	1.331311e+00	3.274288e-01
1.285000000000000e+00	1.332271e+00	3.270386e-01
1.286000000000000e+00	1.333231e+00	3.266506e-01
1.287000000000000e+00	1.334190e+00	3.262648e-01
1.288000000000000e+00	1.335149e+00	3.258811e-01
1.289000000000000e+00	1.336108e+00	3.254995e-01
1.290000000000000e+00	1.337067e+00	3.251200e-01
1.291000000000000e+00	1.338025e+00	3.247426e-01
1.292000000000000e+00	1.338983e+00	3.243672e-01
1.293000000000000e+00	1.339940e+00	3.239939e-01
1.294000000000000e+00	1.340897e+00	3.236227e-01
1.295000000000000e+00	1.341854e+00	3.232535e-01
1.296000000000000e+00	1.342810e+00	3.228863e-01
1.297000000000000e+00	1.343767e+00	3.225211e-01
1.298000000000000e+00	1.344722e+00	3.221578e-01
1.299000000000000e+00	1.345678e+00	3.217966e-01
1.300000000000000e+00	1.346633e+00	3.214373e-01
1.301000000000000e+00	1.347588e+00	3.210799e-01
1.302000000000000e+00	1.348542e+00	3.207245e-01
1.303000000000000e+00	1.349497e+00	3.203710e-01
1.304000000000000e+00	1.350451e+00	3.200194e-01
1.305000000000000e+00	1.351404e+00	3.196697e-01
1.306000000000000e+00	1.352358e+00	3.193218e-01
1.307000000000000e+00	1.353310e+00	3.189759e-01
1.308000000000000e+00	1.354263e+00	3.186317e-01
1.309000000000000e+00	1.355216e+00	3.182894e-01
1.310000000000000e+00	1.356168e+00	3.179489e-01
1.311000000000000e+00	1.357119e+00	3.176102e-01
1.312000000000000e+00	1.358071e+00	3.172733e-01
1.313000000000000e+00	1.359022e+00	3.169382e-01
1.314000000000000e+00	1.359973e+00	3.166049e-01
1.315000000000000e+00	1.360923e+00	3.162733e-01
1.316000000000000e+00	1.361874e+00	3.159434e-01
1.317000000000000e+00	1.362824e+00	3.156153e-01
1.318000000000000e+00	1.363773e+00	3.152888e-01
1.319000000000000e+00	1.364723e+00	3.149641e-01
1.320000000000000e+00	1.365672e+00	3.146411e-01
1.321000000000000e+00	1.366621e+00	3.143197e-01
1.322000000000000e+00	1.367569e+00	3.140000e-01
1.323000000000000e+00	1.368517e+00	3.136820e-01
1.324000000000000e+00	1.369465e+00	3.133655e-01
1.325000000000000e+00	1.370413e+00	3.130507e-01
1.326000000000000e+00	1.371360e+00	3.127376e-01
1.327000000000000e+00	1.372308e+00	3.124260e-01
1.328000000000000e+00	1.373254e+00	3.121160e-01
1.329000000000000e+00	1.374201e+00	3.118076e-01
1.330000000000000e+00	1.375147e+00	3.115007e-01
1.331000000000000e+00	1.376093e+00	3.111954e-01
1.332000000000000e+00	1.377039e+00	3.108916e-01
1.333000000000000e+00	1.377985e+00	3.105894e-01
1.334000000000000e+00	1.378930e+00	3.102887e-01
1.335000000000000e+00	1.379875e+00	3.099894e-01
1.336000000000000e+00	1.380819e+00	3.096917e-01
1.337000000000000e+00	1.381764e+00	3.093954e-01
1.338000000000000e+00	1.382708e+00	3.091007e-01
1.339000000000000e+00	1.383652e+00	3.088073e-01
1.340000000000000e+00	1.384596e+00	3.085155e-01
1.341000000000000e+00	1.385539e+00	3.082250e-01
1.342000000000000e+00	1.386482e+00	3.079360e-01
1.343000000000000e+00	1.387425e+00	3.076484e-01
1.344000000000000e+00	1.388367e+00	3.073622e-01
1.345000000000000e+00	1.389310e+00	3.070773e-01
1.346000000000000e+00	1.390252e+00	3.067939e-01
1.347000000000000e+00	1.391194e+00	3.065118e-01
1.348000000000000e+00	1.392135e+00	3.062311e-01
1.349000000000000e+00	1.393077e+00	3.059518e-01
1.350000000000000e+00	1.394018e+00	3.056738e-01
1.351000000000000e+00	1.394958e+00	3.053971e-01
1.352000000000000e+00	1.395899e+00	3.051217e-01
1.353000000000000e+00	1.396839e+00	3.048477e-01
1.354000000000000e+00	1.397779e+00	3.045749e-01
1.355000000000000e+00	1.398719e+00	3.043034e-01
1.356000000000000e+00	1.399659e+00	3.040332e-01
1.357000000000000e+00	1.400598e+00	3.037643e-01
1.358000000000000e+00	1.401537e+00	3.034967e-01
1.359000000000000e+00	1.402476e+00	3.032303e-01
1.360000000000000e+00	1.403415e+00	3.029651e-01
1.361000000000000e+00	1.404353e+00	3.027011e-01
1.362000000000000e+00	1.405291e+00	3.024384e-01
1.363000000000000e+00	1.406229e+00	3.021769e-01
1.364000000000000e+00	1.407167e+00	3.019166e-01
1.365000000000000e+00	1.408104e+00	3.016575e-01
1.366000000000000e+00	1.409042e+00	3.013996e-01
1.367000000000000e+00	1.409979e+00	3.011428e-01
1.368000000000000e+00	1.410915e+00	3.008873e-01
1.369000000000000e+00	1.411852e+00	3.006328e-01
1.370000000000000e+00	1.412788e+00	3.003795e-01
1.371000000000000e+00	1.413724e+00	3.001274e-01
1.372000000000000e+00	1.414660e+00	2.998764e-01
1.373000000000000e+00	1.415596e+00	2.996265e-01
1.374000000000000e+00	1.416531e+00	2.993778e-01
1.375000000000000e+00	1.417466e+00	2.991301e-01
1.376000000000000e+00	1.418401e+00	2.988836e-01
1.377000000000000e+00	1.419336e+00	2.986381e-01
1.378000000000000e+00	1.420270e+00	2.983937e-01
1.379000000000000e+00	1.421204e+00	2.981504e-01
1.380000000000000e+00	1.422138e+00	2.979082e-01
1.381000000000000e+00	1.423072e+00	2.976670e-01
1.382000000000000e+00	1.424006e+00	2.974269e-01
1.383000000000000e+00	1.424939e+00	2.971878e-01
1.384000000000000e+00	1.425872e+00	2.969498e-01
1.385000000000000e+00	1.426805e+00	2.967128e-01
1.386000000000000e+00	1.427738e+00	2.964768e-01
1.387000000000000e+00	1.428671e+00	2.962418e-01
1.388000000000000e+00	1.429603e+00	2.960078e-01
1.389000000000000e+00	1.430535e+00	2.957748e-01
1.390000000000000e+00	1.431467e+00	2.955429e-01
1.391000000000000e+00	1.432398e+00	2.953119e-01
1.392000000000000e+00	1.433330e+00	2.950819e-01
1.393000000000000e+00	1.434261e+00	2.948528e-01
1.394000000000000e+00	1.435192e+00	2.946247e-01
1.395000000000000e+00	1.436123e+00	2.943976e-01
1.396000000000000e+00	1.437053e+00	2.941715e-01
1.397000000000000e+00	1.437984e+00	2.939462e-01
1.398000000000000e+00	1.438914e+00	2.937219e-01
1.399000000000000e+00	1.439844e+00	2.934986e-01
1.400000000000000e+00	1.440774e+00	2.932762e-01
1.401000000000000e+00	1.441703e+00	2.930546e-01
1.402000000000000e+00	1.442633e+00	2.928340e-01
1.403000000000000e+00	1.443562e+00	2.926143e-01
1.404000000000000e+00	1.444491e+00	2.923955e-01
1.405000000000000e+00	1.445419e+00	2.921776e-01
1.406000000000000e+00	1.446348e+00	2.919606e-01
1.407000000000000e+00	1.447276e+00	2.917445e-01
1.408000000000000e+00	1.448204e+00	2.915292e-01
1.409000000000000e+00	1.449132e+00	2.913148e-01
1.410000000000000e+00	1.450060e+00	2.911013e-01
1.411000000000000e+00	1.450987e+00	2.908886e-01
1.412000000000000e+00	1.451915e+00	2.906768e-01
1.413000000000000e+00	1.452842e+00	2.904658e-01
1.414000000000000e+00	1.453769e+00	2.902557e-01
1.415000000000000e+00	1.454696e+00	2.900464e-01
1.416000000000000e+00	1.455622e+00	2.898379e-01
1.417000000000000e+00	1.456548e+00	2.896303e-01
1.418000000000000e+00	1.457475e+00	2.894234e-01
1.419000000000000e+00	1.458401e+00	2.892174e-01
1.420000000000000e+00	1.459326e+00	2.890122e-01
1.421000000000000e+00	1.460252e+00	2.888078e-01
1.422000000000000e+00	1.461177e+00	2.886042e-01
1.423000000000000e+00	1.462102e+00	2.884014e-01
1.424000000000000e+00	1.463027e+00	2.881993e-01
1.425000000000000e+00	1.463952e+00	2.879981e-01
1.426000000000000e+00	1.464877e+00	2.877976e-01
1.427000000000000e+00	1.465801e+00	2.875979e-01
1.428000000000000e+00	1.466725e+00	2.873989e-01
1.429000000000000e+00	1.467649e+00	2.872007e-01
1.430000000000000e+00	1.468573e+00	2.870033e-01
1.431000000000000e+00	1.469497e+00	2.868067e-01
1.432000000000000e+00	1.470420e+00	2.866107e-01
1.433000000000000e+00	1.471344e+00	2.864155e-01
1.434000000000000e+00	1.472267e+00	2.862211e-01
1.435000000000000e+00	1.473190e+00	2.860274e-01
1.436000000000000e+00	1.474112e+00	2.858344e-01
1.437000000000000e+00	1.475035e+00	2.856421e-01
1.438000000000000e+00	1.475957e+00	2.854506e-01
1.439000000000000e+00	1.476879e+00	2.852598e-01
1.440000000000000e+00	1.477801e+00	2.850697e-01
1.441000000000000e+00	1.478723e+00	2.848803e-01
1.442000000000000e+00	1.479645e+00	2.846916e-01
1.443000000000000e+00	1.480566e+00	2.845036e-01
1.444000000000000e+00	1.481487e+00	2.843162e-01
1.445000000000000e+00	1.482408e+00	2.841296e-01
1.446000000000000e+00	1.483329e+00	2.839437e-01
1.447000000000000e+00	1.484250e+00	2.837584e-01
1.448000000000000e+00	1.485170e+00	2.835739e-01
1.449000000000000e+00	1.486091e+00	2.833900e-01
1.450000000000000e+00	1.487011e+00	2.832067e-01
1.451000000000000e+00	1.487931e+00	2.830241e-01
1.452000000000000e+00	1.488851e+00	2.828422e-01
1.453000000000000e+00	1.489770e+00	2.826610e-01
1.454000000000000e+00	1.490690e+00	2.824804e-01
1.455000000000000e+00	1.491609e+00	2.823004e-01
1.456000000000000e+00	1.492528e+00	2.821211e-01
1.457000000000000e+00	1.493447e+00	2.819424e-01
1.458000000000000e+00	1.494366e+00	2.817644e-01
1.459000000000000e+00	1.495284e+00	2.815870e-01
1.460000000000000e+00	1.496203e+00	2.814102e-01
1.461000000000000e+00	1.497121e+00	2.812341e-01
1.462000000000000e+00	1.498039e+00	2.810586e-01
1.463000000000000e+00	1.498957e+00	2.808837e-01
1.464000000000000e+00	1.499874e+00	2.807094e-01
1.465000000000000e+00	1.500792e+00	2.805358e-01
1.466000000000000e+00	1.501709e+00	2.803627e-01
1.467000000000000e+00	1.502627e+00	2.801903e-01
1.468000000000000e+00	1.503543e+00	2.800184e-01
1.469000000000000e+00	1.504460e+00	2.798472e-01
1.470000000000000e+00	1.505377e+00	2.796766e-01
1.471000000000000e+00	1.506293e+00	2.795065e-01
1.472000000000000e+00	1.507210e+00	2.793370e-01
1.473000000000000e+00	1.508126e+00	2.791682e-01
1.474000000000000e+00	1.509042e+00	2.789999e-01
1.475000000000000e+00	1.509958e+00	2.788321e-01
1.476000000000000e+00	1.510873e+00	2.786650e-01
1.477000000000000e+00	1.511789e+00	2.784984e-01
1.478000000000000e+00	1.512704e+00	2.783324e-01
1.479000000000000e+00	1.513619e+00	2.781670e-01
1.480000000000000e+00	1.514534e+00	2.780022e-01
1.481000000000000e+00	1.515449e+00	2.778379e-01
1.482000000000000e+00	1.516363e+00	2.776741e-01
1.483000000000000e+00	1.517278e+00	2.775109e-01
1.484000000000000e+00	1.518192e+00	2.773483e-01
1.485000000000000e+00	1.519106e+00	2.771862e-01
1.486000000000000e+00	1.520020e+00	2.770247e-01
1.487000000000000e+00	1.520934e+00	2.768637e-01
1.488000000000000e+00	1.521848e+00	2.767032e-01
1.489000000000000e+00	1.522761e+00	2.765433e-01
1.490000000000000e+00	1.523674e+00	2.763839e-01
1.491000000000000e+00	1.524588e+00	2.762251e-01
1.492000000000000e+00	1.525500e+00	2.760668e-01
1.493000000000000e+00	1.526413e+00	2.759090e-01
1.494000000000000e+00	1.527326e+00	2.757517e-01
1.495000000000000e+00	1.528238e+00	2.755949e-01
1.496000000000000e+00	1.529151e+00	2.754387e-01
1.497000000000000e+00	1.530063e+00	2.752830e-01
1.498000000000000e+00	1.530975e+00	2.751278e-01
1.499000000000000e+00	1.531887e+00	2.749731e-01
1.500000000000000e+00	1.532798e+00	2.748190e-01
1.501000000000000e+00	1.533710e+00	2.746653e-01
1.502000000000000e+00	1.534621e+00	2.745121e-01
1.503000000000000e+00	1.535532e+00	2.743595e-01
1.504000000000000e+00	1.536443e+00	2.742073e-01
1.505000000000000e+00	1.537354e+00	2.740556e-01
1.506000000000000e+00	1.538265e+00	2.739044e-01
1.507000000000000e+00	1.539175e+00	2.737537e-01
1.508000000000000e+00	1.540086e+00	2.736035e-01
1.509000000000000e+00	1.540996e+00	2.734538e-01
1.510000000000000e+00	1.541906e+00	2.733046e-01
1.511000000000000e+00	1.542816e+00	2.731558e-01
1.512000000000000e+00	1.543726e+00	2.730076e-01
1.513000000000000e+00	1.544635e+00	2.728598e-01
1.514000000000000e+00	1.545545e+00	2.727124e-01
1.515000000000000e+00	1.546454e+00	2.725656e-01
1.516000000000000e+00	1.547363e+00	2.724192e-01
1.517000000000000e+00	1.548272e+00	2.722733e-01
1.518000000000000e+00	1.549181e+00	2.721279e-01
1.519000000000000e+00	1.550090e+00	2.719829e-01
1.520000000000000e+00	1.550998e+00	2.718384e-01
1.521000000000000e+00	1.551906e+00	2.716943e-01
1.522000000000000e+00	1.552815e+00	2.715507e-01
1.523000000000000e+00	1.553723e+00	2.714075e-01
1.524000000000000e+00	1.554631e+00	2.712649e-01
1.525000000000000e+00	1.555538e+00	2.711226e-01
1.526000000000000e+00	1.556446e+00	2.709808e-01
1.527000000000000e+00	1.557353e+00	2.708394e-01
1.528000000000000e+00	1.558260e+00	2.706985e-01
1.529000000000000e+00	1.559168e+00	2.705581e-01
1.530000000000000e+00	1.560074e+00	2.704180e-01
1.531000000000000e+00	1.560981e+00	2.702784e-01
1.532000000000000e+00	1.561888e+00	2.701393e-01
1.533000000000000e+00	1.562794e+00	2.700005e-01
1.534000000000000e+00	1.563701e+00	2.698622e-01
1.535000000000000e+00	1.564607e+00	2.697244e-01
1.536000000000000e+00	1.565513e+00	2.695870e-01
1.537000000000000e+00	1.566419e+00	2.694499e-01
1.538000000000000e+00	1.567325e+00	2.693134e-01
1.539000000000000e+00	1.568230e+00	2.691772e-01
1.540000000000000e+00	1.569136e+00	2.690414e-01
1.541000000000000e+00	1.570041e+00	2.689061e-01
1.542000000000000e+00	1.570946e+00	2.687712e-01
1.543000000000000e+00	1.571851e+00	2.686367e-01
1.544000000000000e+00	1.572756e+00	2.685026e-01
1.545000000000000e+00	1.573660e+00	2.683690e-01
1.546000000000000e+00	1.574565e+00	2.682357e-01
1.547000000000000e+00	1.575469e+00	2.681028e-01
1.548000000000000e+00	1.576374e+00	2.679704e-01
1.549000000000000e+00	1.577278e+00	2.678383e-01
1.550000000000000e+00	1.578182e+00	2.677067e-01
1.551000000000000e+00	1.579085e+00	2.675754e-01
1.552000000000000e+00	1.579989e+00	2.674446e-01
1.553000000000000e+00	1.580893e+00	2.673142e-01
1.554000000000000e+00	1.581796e+00	2.671841e-01
1.555000000000000e+00	1.582699e+00	2.670544e-01
1.556000000000000e+00	1.583602e+00	2.669252e-01
1.557000000000000e+00	1.584505e+00	2.667963e-01
1.558000000000000e+00	1.585408e+00	2.666678e-01
1.559000000000000e+00	1.586311e+00	2.665397e-01
1.560000000000000e+00	1.587213e+00	2.664120e-01
1.561000000000000e+00	1.588115e+00	2.662846e-01
1.562000000000000e+00	1.589018e+00	2.661577e-01
1.563000000000000e+00	1.589919e+00	2.660311e-01
1.564000000000000e+00	1.590821e+00	2.659049e-01
1.565000000000000e+00	1.591723e+00	2.657790e-01
1.566000000000000e+00	1.592625e+00	2.656536e-01
1.567000000000000e+00	1.593526e+00	2.655285e-01
1.568000000000000e+00	1.594427e+00	2.654038e-01
1.569000000000000e+00	1.595329e+00	2.652795e-01
1.570000000000000e+00	1.596230e+00	2.651555e-01
1.571000000000000e+00	1.597131e+00	2.650319e-01
1.572000000000000e+00	1.598031e+00	2.649087e-01
1.573000000000000e+00	1.598932e+00	2.647858e-01
1.574000000000000e+00	1.599832e+00	2.646633e-01
1.575000000000000e+00	1.600733e+00	2.645412e-01
1.576000000000000e+00	1.601633e+00	2.644194e-01
1.577000000000000e+00	1.602533e+00	2.642980e-01
1.578000000000000e+00	1.603433e+00	2.641769e-01
1.579000000000000e+00	1.604332e+00	2.640562e-01
1.580000000000000e+00	1.605232e+00	2.639358e-01
1.581000000000000e+00	1.606131e+00	2.638159e-01
1.582000000000000e+00	1.607031e+00	2.636962e-01
1.583000000000000e+00	1.607930e+00	2.635769e-01
1.584000000000000e+00	1.608829e+00	2.634579e-01
1.585000000000000e+00	1.609728e+00	2.633393e-01
1.586000000000000e+00	1.610626e+00	2.632211e-01
1.587000000000000e+00	1.611525e+00	2.631031e-01
1.588000000000000e+00	1.612424e+00	2.629856e-01
1.589000000000000e+00	1.613322e+00	2.628683e-01
1.590000000000000e+00	1.614220e+00	2.627514e-01
1.591000000000000e+00	1.615118e+00	2.626348e-01
1.592000000000000e+00	1.616016e+00	2.625186e-01
1.593000000000000e+00	1.616914e+00	2.624027e-01
1.594000000000000e+00	1.617811e+00	2.622872e-01
1.595000000000000e+00	1.618709e+00	2.621720e-01
1.596000000000000e+00	1.619606e+00	2.620571e-01
1.597000000000000e+00	1.620503e+00	2.619425e-01
1.598000000000000e+00	1.621400e+00	2.618283e-01
1.599000000000000e+00	1.622297e+00	2.617144e-01
1.600000000000000e+00	1.623194e+00	2.616009e-01
1.601000000000000e+00	1.624091e+00	2.614876e-01
1.602000000000000e+00	1.624987e+00	2.613747e-01
1.603000000000000e+00	1.625884e+00	2.612621e-01
1.604000000000000e+00	1.626780e+00	2.611498e-01
1.605000000000000e+00	1.627676e+00	2.610379e-01
1.606000000000000e+00	1.628572e+00	2.609262e-01
1.607000000000000e+00	1.629468e+00	2.608149e-01
1.608000000000000e+00	1.630364e+00	2.607039e-01
1.609000000000000e+00	1.631259e+00	2.605932e-01
1.610000000000000e+00	1.632155e+00	2.604828e-01
1.611000000000000e+00	1.633050e+00	2.603728e-01
1.612000000000000e+00	1.633945e+00	2.602630e-01
1.613000000000000e+00	1.634840e+00	2.601536e-01
1.614000000000000e+00	1.635735e+00	2.600445e-01
1.615000000000000e+00	1.636630e+00	2.599356e-01
1.616000000000000e+00	1.637524e+00	2.598271e-01
1.617000000000000e+00	1.638419e+00	2.597190e-01
1.618000000000000e+00	1.639313e+00	2.596110e-01
1.619000000000000e+00	1.640207e+00	2.595035e-01
1.620000000000000e+00	1.641101e+00	2.593962e-01
1.621000000000000e+00	1.641995e+00	2.592892e-01
1.622000000000000e+00	1.642889e+00	2.591825e-01
1.623000000000000e+00	1.643783e+00	2.590761e-01
1.624000000000000e+00	1.644676e+00	2.589700e-01
1.625000000000000e+00	1.645569e+00	2.588642e-01
1.626000000000000e+00	1.646463e+00	2.587587e-01
1.627000000000000e+00	1.647356e+00	2.586535e-01
1.628000000000000e+00	1.648249e+00	2.585486e-01
1.629000000000000e+00	1.649142e+00	2.584440e-01
1.630000000000000e+00	1.650034e+00	2.583397e-01
1.631000000000000e+00	1.650927e+00	2.582356e-01
1.632000000000000e+00	1.651819e+00	2.581319e-01
1.633000000000000e+00	1.652712e+00	2.580284e-01
1.634000000000000e+00	1.653604e+00	2.579253e-01
1.635000000000000e+00	1.654496e+00	2.578224e-01
1.636000000000000e+00	1.655388e+00	2.577198e-01
1.637000000000000e+00	1.656280e+00	2.576175e-01
1.638000000000000e+00	1.657171e+00	2.575155e-01
1.639000000000000e+00	1.658063e+00	2.574137e-01
1.640000000000000e+00	1.658954e+00	2.573122e-01
1.641000000000000e+00	1.659846e+00	2.572111e-01
1.642000000000000e+00	1.660737e+00	2.571101e-01
1.643000000000000e+00	1.661628e+00	2.570095e-01
1.644000000000000e+00	1.662519e+00	2.569092e-01
1.645000000000000e+00	1.663409e+00	2.568091e-01
1.646000000000000e+00	1.664300e+00	2.567093e-01
1.647000000000000e+00	1.665190e+00	2.566098e-01
1.648000000000000e+00	1.666081e+00	2.565106e-01
1.649000000000000e+00	1.666971e+00	2.564116e-01
1.650000000000000e+00	1.667861e+00	2.563129e-01
1.651000000000000e+00	1.668751e+00	2.562144e-01
1.652000000000000e+00	1.669641e+00	2.561163e-01
1.653000000000000e+00	1.670530e+00	2.560184e-01
1.654000000000000e+00	1.671420e+00	2.559208e-01
1.655000000000000e+00	1.672310e+00	2.558234e-01
1.656000000000000e+00	1.673199e+00	2.557263e-01
1.657000000000000e+00	1.674088e+00	2.556295e-01
1.658000000000000e+00	1.674977e+00	2.555329e-01
1.659000000000000e+00	1.675866e+00	2.554366e-01
1.660000000000000e+00	1.676755e+00	2.553406e-01
1.661000000000000e+00	1.677643e+00	2.552448e-01
1.662000000000000e+00	1.678532e+00	2.551493e-01
1.663000000000000e+00	1.679420e+00	2.550540e-01
1.664000000000000e+00	1.680309e+00	2.549590e-01
1.665000000000000e+00	1.681197e+00	2.548643e-01
1.666000000000000e+00	1.682085e+00	2.547698e-01
1.667000000000000e+00	1.682973e+00	2.546756e-01
1.668000000000000e+00	1.683860e+00	2.545816e-01
1.669000000000000e+00	1.684748e+00	2.544879e-01
1.670000000000000e+00	1.685635e+00	2.543944e-01
1.671000000000000e+00	1.686523e+00	2.543012e-01
1.672000000000000e+00	1.687410e+00	2.542083e-01
1.673000000000000e+00	1.688297e+00	2.541156e-01
1.674000000000000e+00	1.689184e+00	2.540231e-01
1.675000000000000e+00	1.690071e+00	2.539309e-01
1.676000000000000e+00	1.690958e+00	2.538389e-01
1.677000000000000e+00	1.691844e+00	2.537472e-01
1.678000000000000e+00	1.692731e+00	2.536558e-01
1.679000000000000e+00	1.693617e+00	2.535645e-01
1.680000000000000e+00	1.694503e+00	2.534736e-01
1.681000000000000e+00	1.695390e+00	2.533828e-01
1.682000000000000e+00	1.696276e+00	2.532924e-01
1.683000000000000e+00	1.697161e+00	2.532021e-01
1.684000000000000e+00	1.698047e+00	2.531121e-01
1.685000000000000e+00	1.698933e+00	2.530223e-01
1.686000000000000e+00	1.699818e+00	2.529328e-01
1.687000000000000e+00	1.700704e+00	2.528435e-01
1.688000000000000e+00	1.701589e+00	2.527545e-01
1.689000000000000e+00	1.702474e+00	2.526657e-01
1.690000000000000e+00	1.703359e+00	2.525771e-01
1.691000000000000e+00	1.704244e+00	2.524888e-01
1.692000000000000e+00	1.705128e+00	2.524007e-01
1.693000000000000e+00	1.706013e+00	2.523128e-01
1.694000000000000e+00	1.706897e+00	2.522252e-01
1.695000000000000e+00	1.707782e+00	2.521378e-01
1.696000000000000e+00	1.708666e+00	2.520506e-01
1.697000000000000e+00	1.709550e+00	2.519637e-01
1.698000000000000e+00	1.710434e+00	2.518770e-01
1.699000000000000e+00	1.711318e+00	2.517906e-01
1.700000000000000e+00	1.712202e+00	2.517043e-01
1.701000000000000e+00	1.713085e+00	2.516183e-01
1.702000000000000e+00	1.713969e+00	2.515325e-01
1.703000000000000e+00	1.714852e+00	2.514470e-01
1.704000000000000e+00	1.715735e+00	2.513616e-01
1.705000000000000e+00	1.716618e+00	2.512765e-01
1.706000000000000e+00	1.717501e+00	2.511916e-01
1.707000000000000e+00	1.718384e+00	2.511070e-01
1.708000000000000e+00	1.719267e+00	2.510226e-01
1.709000000000000e+00	1.720150e+00	2.509384e-01
1.710000000000000e+00	1.721032e+00	2.508544e-01
1.711000000000000e+00	1.721915e+00	2.507706e-01
1.712000000000000e+00	1.722797e+00	2.506871e-01
1.713000000000000e+00	1.723679e+00	2.506038e-01
1.714000000000000e+00	1.724561e+00	2.505206e-01
1.715000000000000e+00	1.725443e+00	2.504378e-01
1.716000000000000e+00	1.726325e+00	2.503551e-01
1.717000000000000e+00	1.727206e+00	2.502727e-01
1.718000000000000e+00	1.728088e+00	2.501904e-01
1.719000000000000e+00	1.728969e+00	2.501084e-01
1.720000000000000e+00	1.729850e+00	2.500266e-01
1.721000000000000e+00	1.730731e+00	2.499450e-01
1.722000000000000e+00	1.731612e+00	2.498637e-01
1.723000000000000e+00	1.732493e+00	2.497825e-01
1.724000000000000e+00	1.733374e+00	2.497015e-01
1.725000000000000e+00	1.734255e+00	2.496208e-01
1.726000000000000e+00	1.735135e+00	2.495403e-01
1.727000000000000e+00	1.736016e+00	2.494600e-01
1.728000000000000e+00	1.736896e+00	2.493799e-01
1.729000000000000e+00	1.737776e+00	2.493000e-01
1.730000000000000e+00	1.738656e+00	2.492203e-01
1.731000000000000e+00	1.739536e+00	2.491408e-01
1.732000000000000e+00	1.740416e+00	2.490616e-01
1.733000000000000e+00	1.741296e+00	2.489825e-01
1.734000000000000e+00	1.742175e+00	2.489036e-01
1.735000000000000e+00	1.743055e+00	2.488250e-01
1.736000000000000e+00	1.743934e+00	2.487465e-01
1.737000000000000e+00	1.744813e+00	2.486683e-01
1.738000000000000e+00	1.745692e+00	2.485903e-01
1.739000000000000e+00	1.746571e+00	2.485124e-01
1.740000000000000e+00	1.747450e+00	2.484348e-01
1.741000000000000e+00	1.748329e+00	2.483574e-01
1.742000000000000e+00	1.749208e+00	2.482801e-01
1.743000000000000e+00	1.750086e+00	2.482031e-01
1.744000000000000e+00	1.750965e+00	2.481263e-01
1.745000000000000e+00	1.751843e+00	2.480497e-01
1.746000000000000e+00	1.752721e+00	2.479732e-01
1.747000000000000e+00	1.753599e+00	2.478970e-01
1.748000000000000e+00	1.754477e+00	2.478210e-01
1.749000000000000e+00	1.755355e+00	2.477451e-01
1.750000000000000e+00	1.756232e+00	2.476695e-01
1.751000000000000e+00	1.757110e+00	2.475940e-01
1.752000000000000e+00	1.757987e+00	2.475188e-01
1.753000000000000e+00	1.758865e+00	2.474437e-01
1.754000000000000e+00	1.759742e+00	2.473689e-01
1.755000000000000e+00	1.760619e+00	2.472942e-01
1.756000000000000e+00	1.761496e+00	2.472197e-01
1.757000000000000e+00	1.762373e+00	2.471454e-01
1.758000000000000e+00	1.763250e+00	2.470713e-01
1.759000000000000e+00	1.764126e+00	2.469974e-01
1.760000000000000e+00	1.765003e+00	2.469237e-01
1.761000000000000e+00	1.765879e+00	2.468502e-01
1.762000000000000e+00	1.766756e+00	2.467768e-01
1.763000000000000e+00	1.767632e+00	2.467037e-01
1.764000000000000e+00	1.768508e+00	2.466307e-01
1.765000000000000e+00	1.769384e+00	2.465580e-01
1.766000000000000e+00	1.770260e+00	2.464854e-01
1.767000000000000e+00	1.771135e+00	2.464130e-01
1.768000000000000e+00	1.772011e+00	2.463408e-01
1.769000000000000e+00	1.772887e+00	2.462688e-01
1.770000000000000e+00	1.773762e+00	2.461969e-01
1.771000000000000e+00	1.774637e+00	2.461253e-01
1.772000000000000e+00	1.775512e+00	2.460538e-01
1.773000000000000e+00	1.776387e+00	2.459825e-01
1.774000000000000e+00	1.777262e+00	2.459114e-01
1.775000000000000e+00	1.778137e+00	2.458405e-01
1.776000000000000e+00	1.779012e+00	2.457697e-01
1.777000000000000e+00	1.779887e+00	2.456992e-01
1.778000000000000e+00	1.780761e+00	2.456288e-01
1.779000000000000e+00	1.781636e+00	2.455586e-01
1.780000000000000e+00	1.782510e+00	2.454885e-01
1.781000000000000e+00	1.783384e+00	2.454187e-01
1.782000000000000e+00	1.784258e+00	2.453490e-01
1.783000000000000e+00	1.785132e+00	2.452795e-01
1.784000000000000e+00	1.786006e+00	2.452102e-01
1.785000000000000e+00	1.786880e+00	2.451411e-01
1.786000000000000e+00	1.787753e+00	2.450721e-01
1.787000000000000e+00	1.788627e+00	2.450033e-01
1.788000000000000e+00	1.789500e+00	2.449347e-01
1.789000000000000e+00	1.790374e+00	2.448663e-01
1.790000000000000e+00	1.791247e+00	2.447980e-01
1.791000000000000e+00	1.792120e+00	2.447299e-01
1.792000000000000e+00	1.792993e+00	2.446620e-01
1.793000000000000e+00	1.793866e+00	2.445943e-01
1.794000000000000e+00	1.794739e+00	2.445267e-01
1.795000000000000e+00	1.795612e+00	2.444593e-01
1.796000000000000e+00	1.796484e+00	2.443921e-01
1.797000000000000e+00	1.797357e+00	2.443250e-01
1.798000000000000e+00	1.798229e+00	2.442581e-01
1.799000000000000e+00	1.799101e+00	2.441914e-01
1.800000000000000e+00	1.799974e+00	2.441249e-01
